23 80 51
0 15 3.69
0 55 5.10
1 5 4.50
1 11 4.94
1 36 4.66
2 32 4.02
2 35 3.75
2 44 2.96
3 38 3.84
3 79 4.32
4 45 4.69
6 31 5.03
6 76 4.42
7 16 4.22
7 58 2.91
8 25 3.74
9 15 5.06
9 40 4.16
9 55 4.69
10 15 3.89
10 16 4.21
10 53 5.09
10 74 4.73
10 76 3.77
11 34 4.82
11 67 4.51
13 15 5.08
13 26 4.01
13 49 5.08
14 5 4.49
14 6 5.00
14 44 4.27
15 24 3.27
15 52 2.87
16 55 3.68
16 62 4.28
16 68 4.07
17 5 4.82
17 79 5.10
18 29 4.69
18 54 4.73
18 56 4.68
18 69 4.84
19 9 4.71
19 12 4.39
19 13 3.97
19 18 3.66
20 59 4.51
20 60 3.74
21 18 4.69
22 20 4.47
