30 80 57
1 9 6.00
1 10 5.09
1 26 5.99
1 48 4.73
2 25 5.70
2 45 5.51
2 52 3.77
2 63 5.65
5 9 5.58
5 36 4.51
6 50 5.88
6 74 3.10
6 78 5.85
7 26 5.49
7 72 4.76
8 4 5.08
9 12 5.88
9 13 5.18
10 11 5.99
10 32 5.28
10 58 5.22
10 71 3.08
12 9 2.87
12 14 3.68
12 45 5.87
12 57 5.80
13 27 4.28
13 39 4.07
14 30 5.43
14 47 5.78
14 66 4.78
15 58 5.10
15 65 5.94
15 67 5.25
16 12 4.73
16 73 5.28
17 16 4.68
17 40 4.84
18 18 5.69
18 32 5.24
19 23 5.78
19 26 5.41
19 37 5.30
20 22 4.51
20 53 5.93
20 74 5.87
21 24 3.74
22 13 5.24
22 26 5.60
25 38 4.50
25 53 4.14
26 51 5.86
27 17 5.73
27 45 5.70
28 49 4.11
28 76 5.73
29 33 5.42
