32 80 59
0 7 5.52
1 44 5.89
1 58 4.94
2 29 4.51
2 45 5.29
2 73 3.41
3 3 4.47
3 12 5.72
3 52 5.03
5 2 5.52
5 10 5.79
5 28 3.63
5 33 4.66
5 69 5.82
6 4 5.90
6 35 5.30
7 18 5.90
8 55 5.79
8 60 4.98
8 65 5.63
9 28 5.86
9 43 5.92
9 55 5.58
10 0 5.50
10 57 5.96
11 69 4.79
11 71 5.74
12 62 2.00
13 62 5.03
13 75 5.86
14 36 5.43
15 3 5.28
15 8 4.89
15 20 3.88
15 57 5.27
15 68 5.87
16 1 5.09
16 21 5.80
16 72 2.64
17 34 5.69
17 53 5.62
18 10 4.35
18 59 5.70
18 73 4.04
20 22 5.63
20 23 5.91
20 29 5.82
21 28 5.22
21 70 5.10
22 77 5.84
25 26 5.49
25 32 5.77
25 57 5.71
28 14 5.62
28 65 5.94
29 32 5.18
29 38 5.68
30 11 5.98
31 75 5.94
