38 60 54
0 7 5.93
1 16 5.45
1 29 5.94
2 13 5.82
2 14 5.20
2 19 5.66
4 6 5.95
4 18 5.39
6 8 5.43
6 47 5.64
7 19 5.95
7 23 4.02
8 17 5.22
8 37 5.57
8 53 4.94
9 42 5.14
10 7 5.98
11 49 5.73
12 55 5.83
13 12 5.45
13 34 5.75
14 41 5.98
15 52 5.99
16 7 5.14
17 25 4.66
17 50 5.30
18 42 5.83
19 33 5.33
19 59 5.35
22 24 3.94
22 34 5.35
22 39 5.95
23 47 5.63
23 55 5.55
24 55 5.99
24 57 5.99
25 15 5.67
25 58 5.78
26 3 5.34
26 16 5.20
27 36 5.95
29 52 5.12
30 23 5.87
30 25 5.64
30 37 5.50
31 15 4.25
31 16 5.41
32 8 5.24
33 24 5.66
34 30 5.88
34 44 3.52
35 59 5.86
37 12 5.85
37 38 5.13
