195
580
165
868
1009
1115
320
413
828
1114
849
13
369
562
55
140
875
874
892
207
819
1197
549
322
974
158
468
254
881
1165
948
871
923
333
708
64
8
344
1158
268
393
1107
102
1007
1055
330
360
763
303
928
1103
910
230
976
998
1193
356
896
898
997
877
693
667
991
247
1210
1230
496
104
239
747
59
764
36
867
1090
1042
1211
127
1195
817
673
870
103
503
604
1065
6
270
1235
1061
960
489
1203
706
130
109
570
644
1170
337
204
797
80
852
284
302
915
1241
225
223
582
363
172
315
557
1181
31
128
144
959
507
1064
1072
190
522
621
539
1017
113
761
411
276
236
421
146
125
351
62
354
684
683
518
835
280
76
501
795
833
305
53
620
521
544
1163
435
1189
783
1135
1141
992
1034
1001
465
551
133
728
189
861
484
920
840
581
447
191
901
1120
821
879
1231
291
398
666
547
449
1085
470
457
1182
755
206
862
738
381
1221
1138
610
1244
181
804
886
214
1027
37
1238
327
938
803
913
177
679
637
71
67
1143
538
314
242
379
865
5
382
660
1023
829
1226
1169
1207
1156
1044
904
392
571
721
648
978
504
319
169
1176
1070
584
119
626
122
652
699
20
83
1174
516
368
238
982
399
1021
282
1030
1148
967
348
883
1035
712
780
622
471
54
94
488
45
131
773
774
1082
612
801
436
585
733
876
528
680
1232
1125
1152
1166
1031
196
491
287
41
260
672
608
75
826
1159
201
990
90
372
97
1028
830
163
756
732
506
519
523
218
955
1022
387
969
16
848
52
989
197
946
362
406
895
1240
816
941
754
569
694
220
475
748
380
1172
818
1
261
42
1217
310
1227
466
1196
40
981
132
698
74
366
702
1171
116
552
872
1086
423
332
936
404
723
153
340
433
1247
1200
717
611
1067
115
632
308
108
89
22
846
677
999
155
233
1191
932
629
235
687
778
599
345
170
844
417
720
531
378
1213
1071
615
416
927
35
301
555
628
787
1037
1136
213
1077
836
838
464
509
700
1180
389
307
69
911
715
49
1249
1100
338
18
595
1233
624
676
775
907
408
669
845
788
589
112
339
266
1016
1043
1063
688
1058
1079
600
279
740
34
745
1040
1032
311
691
1147
149
540
331
863
704
7
1041
869
23
1161
228
515
596
882
578
1127
1110
601
135
995
1060
825
459
1236
350
183
1208
526
713
508
820
150
473
727
692
145
996
855
1134
784
1151
139
583
221
832
1128
309
244
1047
1054
864
166
988
123
554
545
47
187
180
390
324
638
134
1223
476
92
283
111
493
458
193
82
224
1146
81
66
106
120
30
1033
965
234
724
231
634
696
321
951
450
613
1015
625
751
1111
897
546
650
1045
814
1149
138
1011
579
248
1059
574
822
326
342
259
972
1097
1155
979
164
98
511
834
359
639
443
831
430
258
1137
635
365
739
908
292
154
1119
182
474
1098
293
428
358
890
401
771
766
84
735
937
543
953
227
681
485
1002
561
51
91
1234
243
725
1177
1113
906
487
866
1218
893
573
602
4
442
770
1187
1029
853
742
478
880
1003
38
386
269
184
285
198
336
1075
533
1129
899
355
525
686
765
124
425
409
205
48
1173
633
1046
1026
1225
802
1078
422
973
558
367
859
709
839
1186
328
316
88
492
121
142
590
703
1105
14
670
654
711
645
1248
167
1036
246
500
1131
29
1205
934
884
1092
100
1095
661
642
752
641
194
73
943
563
535
807
395
606
383
746
737
271
931
520
39
85
909
397
452
19
329
143
806
575
185
962
376
1133
651
513
211
619
251
371
391
961
171
313
744
60
1102
762
662
346
265
618
323
86
929
786
161
926
1101
655
219
1214
426
805
591
587
1132
847
1106
497
1099
759
1201
1024
245
56
572
129
43
1069
1206
286
597
1076
1185
1014
479
924
482
950
753
560
199
44
921
553
461
1104
858
114
1184
983
722
701
483
1204
781
559
361
1068
137
419
168
930
203
432
568
1018
79
300
434
731
502
297
1142
418
429
240
1239
394
289
2
550
695
250
512
1005
949
665
494
649
420
536
664
779
175
33
678
689
958
985
1222
357
299
317
117
914
885
1057
1130
994
674
412
843
1246
917
173
439
352
451
58
99
136
294
1167
12
851
607
147
671
101
431
126
873
472
964
1139
65
945
1229
757
249
335
1062
1175
980
944
296
467
61
916
794
658
1220
594
273
768
617
631
186
257
229
630
1052
281
860
274
743
28
643
1109
1199
159
226
718
1228
653
919
1038
987
977
25
1243
72
726
736
1073
46
262
1083
460
217
495
222
1190
887
1122
32
0
541
675
385
517
640
697
1153
1157
232
334
499
210
78
714
275
156
110
1053
1245
1012
986
1216
272
1242
1093
902
105
1215
729
1066
971
777
3
446
933
402
705
463
942
151
68
353
918
410
118
556
947
785
290
295
603
808
939
646
306
566
925
1051
782
454
141
24
267
809
1209
57
791
405
657
364
237
17
438
1202
656
179
564
1121
1089
1219
148
1212
21
1019
957
800
878
1020
77
325
377
799
241
188
789
505
1183
277
349
264
1056
935
278
993
343
288
614
255
588
192
1112
719
1162
370
10
490
609
956
813
498
690
888
685
730
534
856
769
1140
152
1048
530
424
1124
1126
1088
616
750
776
252
1164
1010
63
298
593
716
841
87
209
1091
710
469
565
749
922
437
954
212
1096
903
375
456
524
636
1074
462
1080
767
798
891
1004
341
900
1049
1145
772
1188
510
157
734
215
480
318
857
1084
760
815
178
605
486
1178
952
477
1108
481
792
176
975
1081
707
1224
216
263
1050
548
441
1116
1117
940
1006
627
445
968
202
682
1144
427
1087
27
373
758
1154
174
790
26
107
811
592
1194
384
70
162
96
963
576
659
984
812
647
1123
253
850
837
905
400
827
668
796
407
312
894
966
440
95
1094
623
15
970
11
1179
810
374
542
403
1000
304
1160
854
532
444
256
1168
448
414
453
529
347
598
200
1039
1192
514
1118
50
1008
889
663
160
455
537
1150
93
527
586
824
577
567
1237
396
415
388
912
842
793
1025
741
1198
823
1013
9
208
