332
968
762
485
212
49
783
764
404
887
233
1004
483
609
409
661
906
169
883
886
829
179
838
767
954
690
357
314
196
467
151
375
825
111
360
277
599
202
586
918
433
765
458
570
997
942
593
792
828
667
944
316
504
656
956
333
248
649
768
665
624
732
878
696
867
265
403
587
675
694
663
902
607
748
820
226
527
422
243
601
693
711
9
643
576
813
295
141
928
925
921
438
500
632
806
150
97
493
427
635
293
335
175
653
947
562
352
394
15
907
955
543
355
512
999
256
486
510
258
719
304
574
931
276
311
252
856
634
104
915
54
1001
567
891
839
853
852
555
159
637
817
195
317
908
166
709
96
683
716
787
558
60
869
865
184
848
986
855
109
849
107
522
713
194
763
677
530
290
688
16
56
380
588
519
431
234
322
259
895
356
718
745
347
823
337
459
773
899
894
659
597
328
518
371
484
508
128
183
313
70
146
533
229
79
495
531
366
95
84
136
66
291
420
777
112
78
103
463
121
617
739
208
247
916
654
325
140
985
416
547
885
903
173
791
627
487
834
795
227
962
479
349
965
41
866
149
647
600
231
578
982
639
341
4
592
524
170
909
923
33
549
418
91
541
605
771
614
608
750
76
537
472
397
81
480
646
297
780
496
40
359
877
298
492
186
938
119
321
223
727
88
812
1005
143
50
331
12
454
831
703
945
758
48
157
990
837
554
708
390
373
686
99
620
68
613
130
250
664
1
439
640
934
363
273
776
214
681
209
74
430
976
221
126
854
361
987
691
551
451
368
689
117
896
336
410
239
559
358
62
440
550
678
846
255
323
951
120
971
799
870
595
577
31
724
284
993
520
794
850
936
830
219
927
154
807
793
477
61
679
262
963
832
383
386
580
241
1002
705
872
85
980
278
481
378
105
658
523
393
722
797
163
299
414
725
786
17
80
811
625
232
535
288
645
260
384
435
502
429
82
470
369
423
455
302
72
796
836
73
118
759
362
826
525
553
474
215
590
47
937
370
197
572
929
781
584
326
37
158
125
809
283
415
591
315
100
354
706
11
827
469
674
556
941
98
319
736
398
974
805
833
992
616
815
615
482
324
949
529
702
6
540
263
253
271
517
134
261
301
746
424
402
721
897
569
213
602
116
546
462
465
57
741
687
798
638
381
400
178
207
503
779
188
282
29
442
318
843
900
979
165
448
913
122
991
444
884
676
1003
3
989
230
7
926
86
961
772
22
841
953
695
753
124
598
893
187
43
294
210
161
734
377
268
494
594
434
102
285
441
289
131
618
738
603
35
606
568
443
413
698
303
281
437
845
648
565
218
983
579
406
286
672
190
5
23
564
310
471
939
198
270
182
756
803
55
521
863
345
560
890
642
729
25
137
307
350
447
583
873
751
835
728
115
966
466
998
943
824
426
148
193
662
816
266
967
388
581
240
876
0
571
461
545
63
421
106
138
950
453
585
621
704
505
666
692
275
164
532
392
548
626
919
251
135
749
660
365
810
774
596
610
77
730
1008
364
245
382
408
717
52
506
740
582
94
93
847
280
932
528
641
770
305
726
864
156
42
296
782
153
460
206
308
172
964
309
743
629
21
682
981
879
338
189
871
292
220
10
499
113
211
670
18
984
633
868
238
457
379
946
320
199
789
181
428
844
449
132
761
191
561
684
478
631
744
152
801
2
344
83
940
515
747
680
446
514
970
249
339
389
802
20
222
754
766
329
436
742
110
973
898
881
972
192
412
235
735
264
700
858
32
888
778
13
19
511
39
882
671
960
630
892
417
611
513
636
507
701
59
51
769
924
8
497
269
75
468
340
224
808
790
145
710
108
917
822
201
342
200
45
101
38
861
399
346
699
959
171
334
26
509
177
401
225
880
129
374
573
330
71
988
476
46
697
978
167
456
501
737
139
204
814
180
162
53
604
228
889
862
348
279
419
526
542
327
757
300
731
405
859
733
948
160
958
387
242
452
464
246
144
612
89
655
351
673
755
563
920
910
901
133
396
707
911
287
714
87
1000
372
874
1006
205
395
36
760
488
952
217
385
851
411
407
969
566
123
147
236
244
376
450
14
92
644
343
589
685
875
127
905
174
24
67
490
752
367
775
575
651
516
840
90
237
203
142
176
819
114
904
425
257
975
34
185
155
720
857
272
935
788
539
715
712
821
995
804
544
922
274
1007
498
445
27
652
391
860
650
619
306
536
168
267
914
353
933
785
623
842
622
69
557
538
65
28
818
489
930
216
534
657
784
44
552
669
912
723
30
473
996
957
432
254
64
628
312
668
491
994
475
58
977
800
