835
1041
200
98
75
380
1075
841
281
1171
942
646
291
1225
1046
1008
248
1043
754
1042
436
871
814
908
804
980
953
1029
641
125
985
1236
458
815
482
24
960
436
1172
575
568
18
961
215
801
1230
338
1202
920
250
314
416
663
65
958
567
1083
272
184
976
526
390
1036
820
1038
151
873
597
1057
462
46
323
1084
181
63
461
277
1015
674
630
995
1200
637
1090
470
521
312
2
629
937
1048
1203
1035
219
563
351
148
930
229
463
364
767
325
402
231
812
649
1000
852
673
336
744
737
674
629
624
293
1144
666
597
1225
266
728
308
1016
199
100
928
722
208
553
830
515
712
534
691
895
392
489
792
618
94
702
576
101
452
40
751
588
1033
1163
800
191
1139
56
489
1209
65
768
1137
803
449
278
177
350
116
976
1008
681
655
445
481
887
83
469
1013
1148
168
303
809
485
186
752
741
112
631
1202
930
820
152
139
1043
17
827
94
761
1232
412
1051
600
600
101
836
1021
467
283
1002
73
823
1212
390
1102
1182
260
968
549
874
508
657
202
685
804
300
901
163
64
1157
996
976
1244
625
464
676
64
948
1153
542
49
911
32
297
366
137
285
221
730
489
799
572
531
634
1096
408
304
1217
763
1053
745
234
472
142
977
768
792
255
390
1131
654
188
1020
1142
312
1126
99
661
1046
683
622
433
1246
1196
1164
19
79
1171
725
1186
186
975
276
547
611
33
36
704
1247
1090
681
652
860
427
15
542
65
979
897
587
101
954
951
611
648
489
1066
526
981
222
42
407
835
968
1013
487
289
1230
260
501
1093
108
102
430
681
168
310
152
983
1090
242
715
967
1205
1066
882
1120
986
318
722
264
805
604
697
862
1110
1228
338
1227
881
1238
184
1069
784
463
375
803
348
336
607
1138
264
1034
441
334
412
812
1173
1087
854
52
691
906
479
194
303
598
405
955
912
461
1147
364
2
540
672
788
359
350
945
314
733
750
1214
305
327
1152
214
548
576
463
642
984
911
881
664
1133
718
1178
970
332
1046
270
494
211
743
897
243
372
1101
1044
1248
71
736
846
553
488
374
482
1177
427
1135
1215
1015
149
95
1198
19
109
113
210
1146
1190
224
398
1222
430
1071
463
1205
800
267
662
1146
426
945
1130
1215
371
597
1128
1003
134
195
1080
148
188
280
624
930
1233
780
989
829
479
587
759
1209
1136
417
444
309
752
643
773
887
1063
1193
1162
1129
892
640
32
672
487
246
1102
1160
573
672
888
744
1188
584
754
597
911
536
379
417
330
856
85
1077
1013
929
767
588
933
450
33
786
93
953
951
442
705
987
608
152
357
601
769
1015
318
713
82
61
1052
723
500
898
793
283
1122
1198
167
499
1138
215
873
615
1008
1233
512
513
1091
745
361
555
987
1148
148
1236
340
1092
274
564
897
937
534
616
17
312
710
310
174
1219
8
79
376
440
422
372
1115
633
556
393
272
569
634
922
1184
512
807
799
160
660
321
1004
331
1111
252
569
227
603
245
1181
1058
1165
775
697
1194
235
1007
285
293
945
51
1141
265
1042
981
213
141
553
236
1132
1234
541
926
619
474
628
900
277
844
1233
473
153
876
857
900
97
588
858
1056
856
597
160
197
599
1048
762
108
814
182
291
958
1088
1152
835
492
312
639
8
232
905
964
176
141
33
821
1092
246
27
1104
733
496
1001
54
779
1052
1175
75
921
1218
258
819
38
1174
560
510
520
1134
1007
222
292
356
969
245
210
101
955
126
995
948
1001
725
1212
919
962
739
21
788
1070
1132
721
1038
513
1211
1032
1240
1228
699
1158
943
967
719
1234
508
355
449
35
368
784
360
621
733
7
113
731
647
619
380
1145
308
295
1008
390
607
650
402
1158
872
1056
1033
631
699
871
327
1245
573
9
1077
179
147
280
577
571
1024
1116
36
1200
704
350
245
788
1095
102
671
1047
808
934
840
1180
331
843
494
421
419
300
127
1091
1163
984
1177
185
87
143
510
72
839
588
426
389
35
345
721
121
805
955
799
402
885
331
592
60
677
647
363
1187
242
941
192
903
554
719
766
71
101
743
674
515
283
1249
954
400
490
995
701
975
223
297
353
110
1097
1228
601
881
1004
39
320
94
827
774
649
334
282
1196
1140
146
766
52
607
1208
362
98
655
477
543
56
576
582
44
591
679
715
746
1131
660
774
800
642
235
306
507
705
166
29
1037
552
859
936
391
1066
1112
684
1008
720
732
1209
853
693
697
31
906
623
237
1152
14
646
1045
1230
329
603
419
962
374
834
715
1247
430
559
890
1054
766
1058
462
769
971
379
369
362
123
775
254
1246
620
395
156
767
653
596
767
126
195
631
1214
575
79
636
429
877
859
759
349
1102
676
225
133
332
814
769
1117
521
621
560
115
786
1233
637
136
670
445
984
779
589
586
201
516
209
329
107
412
728
820
875
364
1058
280
894
954
363
791
746
575
244
861
150
1215
1041
365
190
1103
301
265
1035
247
962
873
944
552
979
981
674
486
861
1199
719
389
1186
535
531
350
1237
161
213
561
134
763
562
756
626
498
79
906
961
259
161
684
766
960
101
166
1135
828
193
1075
1175
208
228
375
696
776
84
631
979
649
149
1135
973
758
921
106
416
998
886
415
275
478
112
147
876
45
7
654
1223
712
941
596
1066
421
1196
156
564
321
485
338
1242
434
674
282
1166
1051
931
907
964
659
1175
910
467
1031
342
491
562
1019
1090
951
709
808
329
1176
601
984
37
850
1168
507
155
828
847
485
564
669
1116
380
515
192
28
302
574
713
113
580
65
738
167
619
803
321
797
613
257
484
1202
470
392
788
666
333
203
472
887
378
112
827
879
443
1076
900
1078
365
690
285
1248
374
1045
461
659
485
416
1148
163
4
6
32
136
653
720
498
894
350
558
42
531
1066
976
1215
585
112
1232
656
443
1038
252
438
1175
60
1037
875
91
470
1095
240
123
1082
58
1039
889
713
377
262
970
893
245
94
4
361
180
1182
1114
468
421
342
968
843
1118
680
204
1237
543
92
757
140
453
164
217
193
208
626
1176
787
781
188
102
218
252
870
517
33
192
683
1192
1026
930
1003
139
355
65
768
502
690
560
38
1194
1145
249
1154
1237
816
246
259
1227
850
69
411
67
634
545
273
863
630
430
604
354
776
396
912
1172
1236
611
1144
372
1062
491
778
339
212
601
764
559
266
354
135
1159
0
341
1126
767
984
306
367
121
537
158
1105
1153
414
1077
93
778
427
1040
338
698
160
604
762
783
279
449
973
123
106
544
315
712
224
785
791
337
167
232
302
1082
542
1043
189
873
599
948
207
484
677
581
1041
321
300
496
628
766
75
72
637
977
853
521
1235
1187
354
1000
54
519
320
1164
59
13
157
689
316
300
833
511
171
691
1137
642
543
505
985
3
8
886
467
1080
810
1107
649
1202
734
391
673
199
555
334
939
447
1131
460
910
518
253
124
683
500
115
809
860
872
564
276
158
83
812
784
742
1079
301
1082
67
1146
597
81
913
254
170
662
497
609
417
1190
9
760
566
1180
1112
623
460
721
1090
905
829
663
966
524
1016
359
801
182
886
480
465
34
626
680
905
973
195
441
419
1006
240
809
595
1162
307
428
1068
750
389
349
62
1075
378
740
27
630
956
638
1196
738
239
454
61
726
262
1017
544
371
147
959
442
762
200
978
892
265
1185
883
968
529
383
340
1072
303
307
1004
168
501
348
202
572
51
887
1054
937
761
244
211
18
1127
11
622
485
561
147
357
1084
1109
1172
417
997
1048
100
1130
860
122
307
243
1009
1012
1156
349
713
781
940
1241
639
767
23
320
73
781
415
314
563
269
862
289
885
939
168
1165
496
639
925
760
634
156
690
535
1114
1152
427
705
877
717
624
115
1160
1053
347
1128
260
107
353
815
1089
797
499
1217
1157
997
831
307
272
858
21
1075
131
1191
288
882
369
112
146
857
356
743
197
636
32
428
319
916
1069
741
765
45
989
319
1058
1138
1248
377
221
209
1202
160
726
574
1085
724
468
612
1133
682
589
1089
651
1121
638
1208
42
508
1218
296
82
878
1180
96
1210
302
1221
1249
684
1150
461
671
887
331
63
342
176
315
658
701
438
438
595
476
240
235
75
92
849
260
294
48
977
433
960
34
317
417
279
823
1044
894
412
309
119
318
820
994
1192
789
1222
909
323
558
606
666
303
969
930
1105
688
1024
816
473
500
6
275
351
900
696
815
1165
1174
1126
1166
375
1153
838
448
431
111
404
872
857
192
1209
851
562
40
318
294
884
174
231
114
471
75
765
1104
483
774
70
586
124
686
1114
793
619
374
859
258
618
952
1084
82
893
1229
1114
1063
514
7
1035
279
282
479
890
313
109
892
944
773
478
720
970
794
1017
45
790
477
1135
1019
905
991
1092
1210
944
901
1066
772
252
1247
1089
377
801
360
441
680
826
852
724
1132
346
834
629
1187
1186
820
859
166
303
982
407
467
1035
1218
703
673
1231
1106
1032
90
483
1207
412
1077
585
215
993
516
192
316
1033
629
624
563
660
938
1150
403
1117
703
24
1119
181
212
1080
21
211
964
293
499
462
245
153
990
438
559
27
80
886
565
1214
1232
451
491
552
1213
24
832
233
161
705
979
937
1104
1232
817
125
204
733
750
714
166
998
430
676
1145
1085
1084
1163
749
83
738
76
1142
1017
142
1028
926
657
366
455
475
860
618
176
887
926
485
642
586
247
963
241
763
501
0
942
1186
1007
741
1066
1120
743
139
200
283
814
1104
683
1150
738
1214
367
408
1120
33
1008
301
462
74
11
175
1235
1198
878
656
1242
284
405
370
269
194
636
768
336
43
281
452
155
292
1248
772
705
113
286
386
112
298
55
24
664
785
845
481
679
76
845
970
145
1232
258
540
626
144
205
85
1007
30
787
265
819
28
997
812
52
394
416
118
754
1000
1018
851
893
378
259
1180
24
239
631
1152
925
961
718
534
1032
74
1096
356
858
12
325
760
145
594
984
1053
583
1008
1062
925
1215
592
1190
1034
569
1020
447
1201
222
97
559
274
259
356
559
1129
829
628
681
111
565
544
151
1148
370
152
407
1017
1038
110
1128
59
294
1088
610
595
679
53
729
557
177
656
477
738
919
248
357
896
604
494
450
204
755
176
1062
239
1039
1023
883
418
675
730
75
681
1048
470
864
686
1158
909
35
631
568
112
1139
114
1151
632
275
311
910
992
292
668
442
655
815
899
511
865
825
838
1138
905
36
828
1140
369
1234
335
1026
389
1083
83
276
618
880
1098
619
907
718
629
532
160
378
251
193
959
596
300
564
1017
153
405
571
1092
865
937
797
412
536
841
565
171
523
176
954
16
307
1083
1095
1186
1079
1023
10
285
297
875
516
630
460
409
1009
792
337
1148
202
542
878
772
728
253
552
791
13
1008
756
1217
585
94
827
865
602
1235
636
884
239
651
1106
378
493
153
163
183
626
1241
186
728
163
414
1238
133
152
865
909
593
686
548
557
832
80
456
879
1008
665
767
1167
928
493
814
872
1231
1218
354
1072
193
120
1205
1025
1111
50
646
1032
834
1138
903
343
666
40
932
1202
14
930
467
818
39
422
799
359
172
1088
762
444
874
21
68
415
1153
17
236
446
979
506
867
1226
376
657
1207
625
65
1227
621
787
274
924
669
1198
404
712
455
813
273
77
882
913
1149
823
127
374
280
890
477
319
410
891
898
1175
957
1140
702
765
335
35
907
1241
342
53
911
759
1059
263
316
969
13
1030
374
1124
695
1012
206
785
115
954
1244
66
754
892
278
22
493
814
1076
1057
426
1118
607
189
425
757
454
445
925
380
928
1117
769
271
1177
822
522
1041
300
605
1212
1160
165
542
1242
1149
104
279
939
70
1100
90
378
1075
662
820
922
1057
539
410
152
479
769
482
378
395
474
719
464
720
1241
1239
94
495
780
250
174
189
248
760
306
824
1149
478
961
941
551
478
753
1095
39
388
1184
663
1143
33
274
225
682
598
1174
215
1070
926
40
132
544
832
989
814
755
748
621
859
1142
148
1146
516
651
1089
273
896
156
225
1068
786
1158
630
1224
754
100
801
60
888
32
869
369
56
195
812
781
1246
88
198
505
557
769
371
1016
1169
903
92
569
896
1067
222
44
186
39
646
1095
7
98
388
450
100
1232
860
1061
204
1118
1017
1034
589
1186
948
276
424
293
183
624
898
933
196
879
686
718
615
112
683
482
806
1211
35
477
144
327
111
11
522
28
509
1068
547
1098
1043
2
650
620
1123
238
1096
138
267
974
129
404
628
895
654
305
47
890
474
47
23
9
701
849
1182
540
343
930
254
270
766
649
72
401
307
654
134
704
168
919
589
1197
1128
649
128
222
348
357
1102
636
953
854
1123
42
600
596
428
726
408
126
820
789
590
834
982
798
346
1241
1117
903
348
600
904
93
1069
923
1041
808
1197
66
1224
1079
19
132
814
794
834
332
475
687
82
1222
755
1047
1127
646
621
803
328
702
327
1047
537
347
1071
9
372
164
583
143
219
997
77
852
38
876
1088
1012
878
974
367
54
69
116
1222
919
269
229
311
555
403
580
1057
401
215
816
1134
791
1175
489
514
485
242
946
625
781
650
21
954
122
73
643
726
108
422
777
639
1151
814
535
764
155
259
1199
832
703
136
593
353
1224
1110
523
181
292
1098
983
500
1065
235
420
366
929
592
640
658
977
205
782
229
623
1234
136
332
853
552
1224
617
101
808
732
332
533
239
1234
851
844
737
960
90
807
919
1007
1075
526
129
917
977
1066
187
1128
824
1182
917
1198
1093
1028
1084
878
831
1243
1016
628
87
293
380
451
472
624
782
1149
115
454
1195
543
363
946
1074
200
859
315
617
501
277
932
131
824
261
265
1175
401
829
287
487
1131
848
273
119
713
948
430
111
381
209
715
24
1215
1085
178
869
101
508
1178
76
880
67
214
412
330
1090
837
718
100
599
472
909
1098
811
608
342
868
244
1032
934
387
869
562
518
197
405
758
1140
961
32
1068
1
542
1125
409
917
411
353
519
423
420
947
364
582
737
569
710
1046
1055
226
1136
890
829
639
1076
205
426
74
89
1031
827
710
948
626
153
5
1155
400
781
4
920
1171
51
682
939
463
802
682
890
895
883
564
1026
981
431
956
663
56
90
177
1005
1080
774
907
580
1231
1056
965
190
1013
820
1036
1101
477
1072
1122
565
373
1198
445
173
946
372
1109
468
155
453
615
1017
170
270
153
464
474
1051
7
1196
970
1144
240
449
1131
221
498
690
573
328
135
1010
574
717
40
992
290
137
723
1144
199
213
156
916
196
1105
585
329
147
664
1031
16
372
700
97
1164
869
848
570
252
767
973
1188
100
702
71
29
402
669
797
639
439
418
462
378
956
1076
564
476
666
729
271
365
222
491
344
706
877
1083
363
102
1248
704
680
153
402
401
204
1027
877
73
163
1037
1217
834
181
460
506
688
828
729
1168
71
610
640
592
1182
803
211
104
63
498
1002
351
939
0
371
1016
676
769
782
1050
437
269
183
6
911
368
1118
818
831
85
1124
304
1157
1115
718
769
659
615
565
1213
705
648
537
1152
1150
211
987
280
880
1098
425
848
440
110
830
799
554
967
220
1165
1120
42
993
205
731
398
510
822
1057
769
295
658
140
159
1192
19
588
372
90
1084
497
479
1031
202
444
96
858
1091
588
496
1024
1054
1089
238
91
818
283
705
174
49
593
1146
316
1156
919
845
790
805
214
636
313
612
411
1045
590
387
342
132
657
814
303
479
354
41
353
233
1130
971
689
971
1038
1129
1103
1156
344
357
976
487
6
1097
1036
91
895
729
1041
582
900
289
685
857
786
1053
1137
307
1007
1121
540
997
988
45
543
1064
52
291
1132
951
114
520
887
515
14
564
280
222
111
199
90
560
773
613
171
1127
858
496
669
112
724
257
475
863
988
298
330
863
562
417
564
165
874
196
753
1135
958
815
211
104
848
344
268
350
649
942
774
952
676
667
557
24
509
336
823
449
1114
328
618
944
464
87
666
548
1195
880
1139
425
774
1234
1166
216
809
350
379
1000
78
359
583
156
509
23
925
646
768
1131
769
589
425
447
1083
819
736
110
810
942
425
350
87
474
877
590
735
1027
21
397
1081
232
972
73
455
171
405
380
1000
1188
1173
273
182
65
976
5
119
124
738
710
394
1125
621
138
971
597
332
558
1059
509
599
789
561
943
410
144
1162
961
501
740
661
588
1249
127
686
418
836
809
479
1013
956
243
442
1143
850
534
487
200
731
433
889
474
575
463
1240
1131
865
207
93
366
685
217
1168
951
422
345
1081
861
542
99
200
57
959
1153
629
752
239
458
592
99
1117
1046
1179
389
691
151
980
880
1249
1224
430
802
970
247
655
353
254
2
1037
905
919
527
498
733
127
29
258
700
1231
248
507
14
920
715
669
857
1012
13
423
1168
1203
347
403
7
857
158
976
166
1230
679
911
1000
586
673
910
1239
1075
553
1010
683
543
490
444
1103
214
1219
610
1229
714
1218
984
378
780
644
214
1106
389
60
484
667
1130
619
989
679
670
237
906
629
1149
1076
1234
1225
1146
1059
525
920
1013
594
525
942
584
517
1145
228
372
1015
1229
867
598
716
132
352
111
871
278
1181
558
1202
188
1085
721
157
906
370
111
1181
281
1220
485
1186
1126
320
791
944
1124
434
298
665
996
526
639
1070
808
533
517
1027
143
465
1061
872
367
1217
764
923
1209
197
665
1176
818
480
1223
861
1100
173
135
962
650
207
1130
948
487
210
577
246
573
901
598
1034
4
1153
912
1049
327
424
890
887
947
901
445
538
616
726
327
403
302
482
1061
951
928
881
904
637
304
216
111
631
515
806
728
599
887
731
778
65
865
910
327
689
197
1238
850
395
228
122
432
651
984
254
1167
25
1160
970
865
423
71
348
788
251
722
1078
451
724
929
245
402
514
762
798
573
60
244
695
372
750
713
64
1109
1015
762
412
992
1245
634
409
377
848
1031
1109
811
49
85
536
933
436
421
745
964
682
640
496
509
735
1198
126
704
959
455
133
1166
248
783
793
1007
69
883
336
77
717
278
52
938
154
888
2
818
129
135
296
975
936
751
278
974
145
154
552
1122
82
716
455
608
557
1064
487
413
986
274
179
219
1130
805
1226
889
986
51
1114
1062
80
670
343
231
908
333
291
764
879
672
442
409
481
89
986
257
24
499
723
759
1243
449
607
711
609
1081
93
504
781
909
568
774
505
379
306
101
1118
127
297
123
951
417
637
799
980
823
925
1025
764
1028
978
1162
163
94
750
83
881
684
80
555
926
1081
388
346
841
982
408
1233
987
141
1238
541
990
844
770
105
875
396
664
652
487
424
354
847
747
1176
476
210
471
131
1066
1039
519
81
1049
395
537
739
651
940
500
973
684
902
1051
358
395
1177
469
776
635
398
847
594
724
892
107
1157
550
496
241
300
847
1203
56
85
496
719
891
177
714
101
5
593
645
679
431
238
614
893
192
664
210
1192
1066
344
1073
482
410
499
682
832
488
757
16
252
119
806
205
1080
768
1117
606
243
1053
735
1026
289
213
294
60
1164
496
324
1182
36
322
725
385
183
634
185
772
566
693
676
1156
40
308
357
1196
1067
1059
861
1082
143
390
285
1054
500
270
312
562
945
242
610
69
135
106
1008
781
26
285
603
341
426
227
343
1132
710
369
320
93
654
21
420
227
850
394
1130
1175
969
884
700
503
653
863
125
315
258
968
131
666
1087
1129
1049
139
1076
963
246
636
1030
214
757
574
358
1001
1107
645
1145
71
972
397
724
896
1129
134
429
459
862
371
825
575
51
6
401
343
167
978
871
234
552
244
219
784
350
1220
1246
301
180
312
707
296
585
884
842
1099
853
959
168
677
391
551
1003
440
1114
1022
116
973
75
1008
777
798
650
925
511
569
790
510
374
774
589
289
809
563
1184
602
189
218
1089
285
995
477
436
344
147
324
798
1125
1023
1200
541
733
871
822
1176
755
1111
1201
1172
516
890
755
917
1201
398
72
1006
588
954
796
1077
1103
500
714
473
1170
955
28
409
851
194
891
308
16
686
889
1232
242
1006
167
894
244
258
1131
139
729
777
437
239
522
591
601
450
365
1173
1232
187
525
1043
1078
859
695
322
233
556
524
80
396
634
198
353
1244
496
808
14
241
1227
306
33
1170
1209
870
550
296
601
501
1159
750
807
3
709
1213
396
454
36
715
505
167
320
1072
2
226
216
790
1007
126
122
768
109
734
327
944
32
311
29
880
278
688
489
821
423
146
1215
516
555
802
67
81
572
1217
375
526
56
1203
349
1138
289
1235
168
507
1072
750
1207
1127
305
169
1214
540
278
6
1202
93
349
599
380
52
929
78
828
1098
1215
186
175
1230
1107
1078
109
1112
584
1169
971
736
95
1079
446
697
129
669
1019
529
191
985
438
966
472
1171
165
792
1144
815
104
638
368
266
1088
277
1148
1023
1185
707
1001
430
348
994
499
713
709
836
860
459
844
149
278
845
760
86
240
604
946
44
1016
936
1212
811
1036
94
313
916
1031
531
535
813
975
1151
433
278
782
335
87
1232
136
267
563
255
383
640
115
5
1025
405
260
1083
511
565
557
829
210
917
119
1019
1050
683
649
967
550
316
483
192
592
1090
556
933
1202
1140
632
1135
678
234
570
1030
1199
137
34
610
1121
29
658
73
947
86
478
1234
831
511
238
368
180
457
967
561
998
212
715
704
1002
900
289
1237
1091
219
671
773
524
59
158
644
174
373
989
1081
980
863
988
592
36
1224
1209
782
674
169
191
509
781
1028
1236
783
504
293
558
281
777
1137
1148
896
1190
443
931
1070
827
1001
1173
1229
427
330
619
1181
709
733
749
829
594
954
760
680
166
159
950
232
867
789
1049
985
1107
384
274
827
584
429
1045
472
611
646
1184
363
100
579
774
366
1029
1132
1144
592
547
678
448
805
59
849
956
345
1024
192
185
636
864
761
294
425
268
7
594
943
458
1113
733
1201
797
109
964
210
838
840
1081
236
684
1154
205
77
592
787
633
564
159
411
930
318
453
481
381
56
660
292
632
1197
826
694
582
992
144
149
543
699
243
550
408
1103
1002
42
109
590
168
760
812
1182
656
895
335
864
658
1186
30
526
480
875
694
422
62
1096
240
542
132
164
920
1188
795
921
530
428
1226
124
980
855
905
800
637
549
742
23
524
1053
76
303
25
665
1127
1109
574
1056
501
886
371
99
643
774
1061
872
722
741
989
1123
273
1203
1056
433
1248
606
1172
1095
1046
811
1122
1161
1247
94
88
885
240
236
1001
327
966
1242
458
319
729
749
334
192
213
782
204
279
788
1061
805
1185
706
581
416
632
1052
633
167
237
502
392
264
869
593
389
541
818
749
1001
971
1158
1017
87
43
215
644
324
334
888
1196
708
95
680
83
605
759
70
922
1181
781
485
1058
954
218
0
341
333
994
1059
636
170
55
1228
1136
897
754
246
247
422
552
789
548
135
694
1099
926
9
891
137
615
666
1188
273
147
220
293
758
192
830
55
339
280
760
237
819
154
915
197
1220
446
848
595
273
1068
1088
1026
984
891
524
59
482
627
21
88
99
872
449
909
514
1074
208
174
1041
348
859
920
716
1093
1213
174
973
647
802
964
1182
55
635
925
754
815
422
1121
1103
860
91
71
385
153
826
275
1153
524
95
1040
1047
280
1150
263
1115
1060
384
599
1038
244
873
874
286
1178
724
1171
214
1237
688
142
510
483
414
213
672
63
176
859
769
1000
341
759
528
925
188
959
712
1095
496
172
1024
745
428
278
928
526
1141
1034
861
23
1041
912
637
615
56
1126
452
877
766
213
357
579
431
39
786
611
327
425
186
784
705
103
677
650
660
49
706
899
1061
1212
0
893
680
1233
422
496
747
210
346
938
694
1184
1021
898
923
52
189
34
34
911
728
302
127
414
1106
1053
950
599
680
969
347
1054
576
956
874
470
320
434
622
1221
961
435
882
962
1184
889
980
1233
1019
1108
715
802
394
970
543
847
213
151
174
538
1008
76
901
1044
9
91
83
955
821
541
461
1057
112
1062
457
857
559
922
1116
38
288
1211
1137
6
115
24
551
1238
125
1084
478
1183
398
916
799
319
898
488
919
1182
283
934
442
1141
1060
1031
919
440
373
1037
1107
780
293
645
995
688
21
1168
97
145
722
349
697
450
26
254
335
694
1228
842
51
142
1194
1046
124
506
59
460
126
340
754
753
504
854
780
1111
483
760
1233
619
500
519
340
373
890
539
224
1070
649
405
741
289
1226
534
1152
1035
1213
890
638
1184
1026
844
763
982
51
520
430
1180
463
399
917
365
774
206
708
782
468
929
689
349
718
295
765
121
463
193
284
951
251
810
320
669
92
103
554
750
76
761
230
767
438
305
292
1191
1240
981
744
614
1090
582
227
1201
269
245
703
770
235
538
786
321
533
1018
1050
256
91
743
767
393
721
282
155
530
12
253
471
663
308
699
1115
576
14
875
978
636
116
335
295
520
390
609
928
620
503
190
91
427
52
1076
1150
1019
605
65
230
73
359
861
144
609
426
346
1233
709
533
653
807
837
1123
585
214
221
964
7
552
1166
775
560
879
723
721
777
873
554
866
808
413
533
198
656
539
538
300
1215
428
1239
758
471
176
246
1020
947
497
1091
514
978
86
1217
736
933
1111
1235
1061
300
903
639
350
737
195
256
248
289
1091
45
674
901
205
1235
855
1206
516
1072
665
291
226
790
168
7
337
217
968
923
680
1181
453
815
448
310
660
900
633
71
603
407
527
236
769
892
1214
648
287
1169
95
988
659
335
274
330
620
338
1111
1101
363
1107
501
178
479
393
682
11
668
1114
600
593
438
1041
609
313
140
192
1074
370
1223
903
676
1036
336
125
1145
1202
1158
972
398
478
195
965
567
876
1054
388
661
103
386
608
157
588
32
900
950
275
865
601
895
265
183
741
518
324
636
52
5
2
937
1085
608
976
492
1057
18
960
103
1087
515
752
336
150
1152
301
826
1089
431
820
1020
661
22
522
952
974
335
278
1130
673
240
605
826
920
903
541
559
402
833
44
920
163
1117
156
897
1249
584
198
942
519
1248
553
37
1156
1054
36
203
1003
1236
349
826
880
804
1094
506
1207
25
254
11
1104
1025
1152
138
617
803
1021
386
294
1056
935
288
843
300
894
836
502
899
743
18
387
10
909
712
650
798
109
1045
643
194
889
646
152
117
322
380
251
447
611
1130
1231
75
925
924
253
1013
471
40
570
854
4
1154
534
969
704
633
551
740
69
1060
323
481
990
588
478
366
155
502
125
597
890
757
965
58
847
1177
268
214
157
341
1143
212
81
1098
681
219
458
73
296
715
620
1172
202
414
789
413
280
141
352
287
270
1119
804
189
1244
323
784
947
218
1074
270
756
535
358
268
588
368
585
529
652
1243
416
832
49
1135
243
760
95
924
1008
866
674
628
939
200
404
542
939
217
568
658
464
525
1111
667
525
161
969
660
86
1151
173
669
768
797
1166
937
197
485
741
1117
800
318
393
515
1006
279
837
552
1128
749
17
1056
614
887
1088
712
161
374
942
99
336
497
118
274
576
925
192
103
22
1130
382
369
792
516
1171
1109
1006
44
669
1030
934
879
428
241
607
1110
174
308
385
969
619
658
810
731
851
954
1184
456
917
1088
667
213
680
419
1091
187
909
1142
1073
424
297
463
743
654
751
619
815
566
54
480
157
554
481
291
601
853
389
35
347
513
352
615
1026
1206
115
104
406
619
625
541
883
254
527
221
1047
278
1196
783
916
285
1085
620
903
59
661
507
151
1164
1058
1133
1094
867
592
441
989
363
991
70
513
659
414
474
220
422
1075
48
187
1196
560
101
556
1122
960
552
787
132
146
612
1059
1207
58
1142
630
1145
990
79
1132
122
936
1020
309
978
331
409
1185
617
1073
778
439
1229
768
656
143
723
1222
534
1047
56
34
219
659
38
200
78
270
413
340
607
564
466
313
469
469
534
383
261
836
911
35
589
744
1249
293
251
842
842
662
100
320
495
480
217
752
407
673
857
412
927
922
632
917
425
472
527
24
210
756
120
1099
928
1236
982
685
190
1147
971
1085
685
299
348
1248
194
635
1029
337
988
728
883
195
227
60
952
150
1151
219
738
399
95
227
103
676
5
445
1063
1014
651
1199
1213
256
74
364
400
396
626
97
406
227
1060
1174
662
732
1052
1149
756
298
1133
719
402
837
531
1249
86
877
782
214
29
528
947
1223
569
1121
175
421
624
523
139
243
168
510
1176
264
43
946
129
931
502
368
688
376
1061
1206
1036
738
984
235
534
31
18
941
691
498
1079
984
647
766
972
868
744
475
383
725
818
531
256
726
299
638
853
138
42
682
533
1069
1152
339
219
958
1151
238
1010
405
319
775
536
108
166
181
238
958
5
634
212
298
842
1220
652
1176
569
755
694
265
871
962
554
515
1036
209
576
404
85
491
694
776
1115
164
458
985
46
720
458
619
1018
817
893
5
489
261
393
301
36
1233
636
277
161
874
357
809
1140
816
778
245
1204
97
636
786
1062
693
917
141
1218
591
1158
1040
1105
463
884
260
947
1194
1116
470
1201
317
862
38
1197
54
1021
317
308
857
1200
317
470
184
459
996
146
164
1090
1132
785
866
735
40
480
715
348
757
792
39
469
1122
247
895
887
688
396
685
262
690
1186
395
899
389
664
1074
182
918
348
897
399
274
783
898
1125
184
83
923
1249
151
258
362
69
208
808
1196
854
1117
14
579
67
508
285
412
496
680
643
460
459
1021
815
1132
791
121
778
61
965
765
1203
1224
192
542
937
888
681
1004
513
1157
76
701
167
212
1106
207
999
81
966
892
842
740
791
40
1147
385
452
906
710
197
1093
1181
449
447
755
841
29
1204
763
241
95
502
1246
275
326
263
1165
11
1157
667
168
943
693
277
833
928
195
582
1055
525
986
1035
1140
71
1207
1208
960
1091
1062
523
1231
475
54
628
1077
929
50
198
551
77
1143
811
359
619
73
281
405
1060
1179
527
698
26
555
67
250
198
827
433
430
781
836
1024
207
538
726
814
794
929
975
913
1094
181
928
693
975
811
433
606
1035
238
470
637
1018
635
543
201
452
45
59
749
305
1009
235
458
371
340
744
523
327
266
1127
683
249
724
257
838
809
1185
228
240
681
785
279
692
612
670
768
510
1019
413
279
1128
641
670
839
88
989
627
461
191
361
524
216
298
1096
860
386
117
695
788
1069
771
527
1144
938
234
23
242
1003
676
61
258
687
798
993
114
920
1078
223
1018
326
399
214
990
361
774
149
1154
1014
244
660
1028
925
796
340
224
761
1164
1074
849
1037
963
160
519
266
433
260
1231
1007
29
587
971
263
486
1143
114
811
445
620
1011
771
4
104
947
1115
394
921
1088
1003
81
776
145
276
1182
994
951
1173
475
949
849
896
168
603
243
998
102
908
281
210
172
717
81
620
654
462
718
1014
169
1178
796
261
187
298
1076
1142
261
601
1005
644
52
309
851
99
765
956
285
950
331
834
964
1148
401
814
481
671
868
56
676
87
484
896
1049
661
1071
833
1110
53
480
187
136
785
944
374
1007
257
316
722
165
810
130
1125
1005
832
864
859
76
52
329
201
829
1062
368
128
514
988
466
546
1217
1022
924
508
628
216
71
686
794
251
1163
578
1232
40
373
663
17
905
2
1246
975
285
272
435
310
742
1170
1078
664
1057
227
919
708
720
295
1159
362
49
473
274
918
1003
513
774
1172
14
610
431
1209
474
169
74
305
975
701
365
1049
409
436
1051
258
128
537
551
451
311
1247
691
157
488
1100
304
809
143
694
471
177
121
589
445
409
1188
1011
115
792
268
67
718
539
1149
324
915
225
5
1140
98
992
205
932
1028
988
698
954
1198
290
758
1228
161
878
102
782
887
471
748
1219
392
615
954
583
1203
928
641
1110
1114
733
1027
288
939
440
1078
1009
703
338
449
255
25
867
212
1076
254
142
123
1093
285
312
1178
13
497
1170
931
277
1053
1043
504
309
989
325
1161
1230
1024
64
917
822
312
724
574
328
1195
1083
947
1144
672
515
119
950
25
1221
99
1167
765
795
848
1192
611
587
512
197
762
878
619
905
982
762
327
791
872
1005
162
334
981
43
242
286
440
697
513
633
552
590
931
430
1238
444
722
991
1132
1002
969
422
874
1092
726
1172
579
731
516
519
515
475
509
1227
118
114
880
946
1018
444
123
644
268
28
1110
1100
519
131
703
828
324
1114
1140
513
981
191
878
666
101
759
179
760
868
769
906
332
1089
487
1203
497
131
1083
138
814
821
147
162
477
21
1175
176
1190
156
912
817
1074
59
752
939
671
291
484
886
11
13
314
435
327
864
16
463
734
493
21
884
742
1222
32
684
225
672
44
518
366
720
108
662
320
724
413
1081
568
291
549
743
256
316
454
596
1025
933
218
605
1104
1127
882
1051
772
962
617
973
221
875
83
741
265
539
128
898
967
840
939
706
14
863
596
419
895
557
600
157
371
609
959
1103
1141
631
240
517
961
288
613
531
542
869
781
158
172
1241
52
842
999
464
729
1080
993
96
444
558
258
434
964
1060
626
1165
583
932
1089
1192
169
832
1131
1158
939
50
107
836
135
1196
557
1183
496
456
1028
666
429
577
885
253
962
323
717
1127
368
727
838
1059
292
1082
1122
688
1164
900
555
19
899
527
222
964
159
491
966
971
780
214
1072
1241
430
191
411
406
431
757
643
328
192
914
234
207
566
61
423
1247
344
72
936
968
215
1017
378
216
624
53
1210
1012
824
721
380
801
1234
630
1217
237
180
823
926
831
884
797
945
460
380
358
791
1235
449
831
871
1160
754
920
850
1239
296
840
1100
882
79
215
1032
142
939
1139
963
865
379
782
825
246
961
680
367
135
1170
1210
205
763
471
1187
298
21
768
524
48
141
567
999
1077
832
885
154
439
909
806
88
949
162
1063
641
24
115
447
120
1095
989
780
1203
1133
211
508
1230
886
1121
69
218
22
500
777
696
168
1033
920
991
1149
1072
1242
972
749
742
90
411
799
1153
263
735
1242
696
918
697
1089
622
981
1073
602
363
1171
156
974
700
1119
975
1061
578
724
701
614
72
803
1080
255
1172
892
435
309
794
1228
20
943
85
200
977
329
730
845
1065
130
704
316
572
714
86
353
874
1150
44
1151
916
625
902
688
382
293
1012
1123
202
192
111
67
444
526
762
193
15
447
1084
484
389
967
1059
1228
55
725
406
591
240
1138
800
972
480
586
62
1224
1222
463
5
916
248
44
740
153
75
781
294
393
1045
1028
422
896
731
100
953
1073
1132
1020
877
142
1213
731
477
687
264
771
1125
408
597
627
997
1175
558
285
128
786
399
743
197
1064
106
1177
830
150
839
585
375
778
159
669
421
985
724
667
592
738
402
966
990
47
564
471
1187
1161
813
674
233
497
509
72
1056
354
121
257
14
948
1046
1105
788
597
362
969
383
694
525
244
1074
839
767
43
425
232
471
207
827
939
1084
297
1108
767
912
198
759
619
1006
778
602
347
137
11
1062
460
236
663
35
547
825
49
898
1099
235
919
684
235
889
1134
996
1112
744
76
1174
107
802
461
906
478
423
1018
742
148
16
909
245
220
1013
960
833
675
1239
207
519
926
398
193
1159
475
609
1076
411
847
422
926
581
1176
232
1066
404
443
209
947
862
1239
702
970
196
884
14
424
925
266
379
255
517
455
397
1183
1224
157
731
607
537
612
703
1193
563
122
259
186
1082
240
1180
1008
604
799
641
999
37
1212
75
297
75
946
436
281
47
373
1203
723
1149
990
925
530
1015
1202
452
1203
126
1160
573
784
1217
939
490
872
670
412
806
819
247
115
224
835
909
1058
1236
570
183
656
1192
69
752
17
560
756
786
401
14
17
88
863
736
262
576
20
256
714
353
796
118
604
1206
993
1116
991
551
184
986
841
583
260
480
615
540
80
41
1173
655
215
881
317
931
914
49
613
231
433
319
206
714
487
201
939
1045
82
367
254
571
1249
202
380
196
228
790
1014
73
244
870
980
633
1086
368
941
377
286
391
620
236
1012
201
842
423
589
615
1237
672
1009
1054
1237
971
1087
582
1208
1232
786
662
967
816
1014
278
658
1015
141
877
244
1230
16
624
819
536
1112
478
1180
59
571
1021
318
276
984
1174
778
493
167
292
700
481
672
777
299
1183
1001
542
1044
303
76
406
220
14
238
935
611
560
125
37
243
946
551
202
39
206
793
239
424
557
852
213
546
136
694
123
1034
887
1080
968
557
304
1095
896
439
444
1065
928
443
377
1107
454
259
1201
52
1050
661
513
162
555
438
215
1204
697
495
1086
1072
118
280
62
304
94
573
72
816
92
847
1207
388
1009
925
225
569
736
1014
906
613
650
202
688
999
336
1096
450
1072
728
312
86
612
707
607
425
661
989
1244
540
977
218
943
301
152
930
664
43
1205
14
831
1146
519
504
961
792
498
783
340
634
1089
1010
361
117
811
1073
1222
568
1092
1236
369
620
1037
676
645
1241
768
1010
813
191
775
386
1152
925
167
183
419
486
539
1227
884
1024
238
128
937
362
651
1094
1012
480
470
581
821
655
598
63
655
935
456
324
751
1020
415
442
1173
45
1183
58
272
575
801
860
976
933
378
421
539
724
1212
1036
722
203
333
589
817
761
778
453
958
1114
663
779
892
820
959
780
128
1104
58
709
555
820
804
86
149
1169
1202
608
1096
118
677
542
968
835
559
1115
784
192
129
554
912
892
152
134
1186
224
245
123
1240
880
525
1106
861
239
628
531
1097
815
395
519
1120
1193
1223
1190
400
1036
827
755
236
233
267
731
925
1218
788
823
835
301
321
729
764
1165
771
836
418
660
61
944
429
1176
1213
262
1215
691
678
404
972
554
957
693
834
73
920
449
382
360
536
625
1002
30
1144
310
283
337
839
1230
1153
1120
908
1226
1247
2
241
1006
323
517
879
703
560
1243
62
432
616
299
96
78
297
750
453
174
47
886
1174
854
1091
632
605
744
389
777
5
993
459
601
598
72
1117
67
454
430
365
611
927
875
1053
90
454
832
770
1036
141
877
134
908
1007
339
974
618
756
261
65
535
1124
858
508
703
1172
681
683
410
679
1167
604
1203
810
238
826
347
392
963
124
1158
5
269
88
701
775
591
990
1099
277
164
1079
666
1037
323
198
378
1072
673
1201
668
1176
354
711
9
72
961
939
345
1098
926
837
232
304
924
670
450
300
1064
298
584
163
1089
322
437
1124
570
915
520
434
1220
506
106
1052
523
708
1114
563
59
838
92
419
722
811
698
26
553
1123
654
183
1049
29
227
319
172
141
468
436
454
1169
1049
708
1163
965
333
345
389
321
332
55
803
473
1204
1240
901
686
582
796
1056
180
326
320
1051
202
841
695
1100
254
911
966
1221
822
1005
1105
194
525
398
523
61
622
1215
931
855
714
84
417
334
783
135
804
1173
767
163
211
1239
83
1036
410
1008
538
361
406
1102
321
656
756
912
1061
38
1014
69
814
250
846
1096
469
821
249
563
1051
663
224
478
108
377
762
486
512
361
795
444
259
225
1213
407
1041
193
55
526
833
1202
754
684
471
181
872
925
396
842
1234
656
647
1085
1051
615
1004
149
247
665
741
538
1103
181
838
624
1078
1072
128
944
443
830
948
151
434
880
17
437
512
1122
365
973
803
946
653
1115
476
192
402
401
1049
342
152
46
965
68
610
177
751
568
738
1220
331
121
1018
436
1020
279
223
1013
521
988
318
1029
928
1127
443
739
887
316
1021
686
1102
516
98
748
1023
1063
506
991
693
262
1133
1231
622
547
1206
1018
54
1182
249
1151
182
1075
797
792
368
668
125
612
602
578
42
30
872
1117
1054
664
1054
146
993
33
159
840
937
844
423
755
65
802
896
751
963
957
522
921
730
468
896
767
1238
576
1009
172
345
518
1197
47
201
388
726
1038
371
784
961
932
331
191
291
230
1025
711
584
1201
750
533
122
810
515
986
342
394
985
792
585
994
1203
475
3
1025
677
100
1191
988
649
1199
199
635
357
1032
1178
984
719
388
1044
974
553
673
692
726
372
1192
134
772
993
275
731
592
997
382
1129
633
100
432
467
896
554
62
723
1121
125
933
1017
17
252
576
168
388
285
1201
271
9
149
4
919
272
336
201
797
202
349
484
1089
202
558
612
996
152
982
382
863
409
528
1062
748
808
263
229
629
446
1008
133
442
334
536
631
590
1084
580
784
229
460
362
902
739
127
1226
1074
991
317
491
861
1048
747
90
624
285
858
288
954
329
73
1199
889
238
852
222
512
915
180
623
104
95
625
267
325
1167
84
855
948
880
1122
868
1184
540
383
750
225
922
997
252
377
880
1025
348
763
946
1045
59
192
9
347
729
567
712
178
66
344
809
401
1022
756
316
952
747
275
103
910
254
745
243
744
1170
207
763
664
398
454
714
105
909
296
387
1075
949
351
1051
695
592
1146
973
280
515
193
790
1097
450
241
435
121
850
808
52
1135
672
848
780
547
549
155
495
1116
257
1216
157
322
925
1004
686
96
768
172
394
714
780
1210
707
207
73
175
687
1200
1137
617
474
303
543
1223
1166
1122
327
494
702
1116
620
864
100
709
1055
973
1021
405
922
349
166
816
1249
151
931
341
365
1148
863
535
1104
622
1210
771
40
559
361
340
803
396
996
165
697
485
344
1107
670
407
119
890
61
1083
553
1032
1067
913
733
822
929
452
574
1131
1052
405
24
859
1113
707
343
175
327
1083
142
432
182
1221
1068
22
73
298
654
269
154
173
533
710
974
1022
1189
451
166
455
1039
590
672
8
42
738
449
198
306
871
309
1055
1193
544
858
402
1009
826
206
939
1149
603
947
893
900
1078
678
496
311
22
1168
876
209
728
775
1167
647
1108
597
211
609
531
785
107
925
263
1160
791
638
576
566
647
333
592
281
1138
737
915
864
502
969
1033
726
590
207
620
790
1093
87
1027
739
695
824
1183
960
77
191
1063
224
482
837
680
1204
62
838
1205
207
744
360
468
1076
524
1042
611
343
6
799
31
477
516
445
752
700
903
1090
254
576
130
940
782
1043
124
417
810
565
775
811
673
661
1208
531
327
612
341
550
336
326
1119
194
327
340
765
772
186
557
412
981
1163
297
258
210
86
414
496
710
104
971
332
572
66
798
1060
550
1046
894
393
681
167
1017
227
820
262
704
311
702
1194
237
371
629
766
130
1055
557
757
252
945
120
166
1190
373
431
937
625
1157
443
762
1061
1018
652
717
1154
484
767
805
566
208
904
316
765
337
645
615
77
909
582
136
421
1087
43
1051
700
65
1162
224
53
1237
754
728
1180
732
298
946
33
577
623
48
88
87
1048
150
93
876
519
890
389
1208
459
533
605
672
537
312
1145
588
623
958
678
455
616
422
36
17
203
1091
1194
6
563
181
1001
1151
378
489
779
803
197
640
210
646
867
515
895
299
575
368
762
773
635
852
154
1072
89
1182
877
707
365
1106
602
268
541
67
958
20
1013
118
364
910
45
626
1219
885
797
637
191
1157
43
1190
128
1170
1066
889
983
1117
563
366
755
93
546
1216
560
989
726
495
482
132
1004
28
589
1002
745
1090
1239
144
1041
423
259
1111
367
706
475
1033
211
1132
754
819
790
487
454
365
355
594
1010
94
351
999
127
739
567
219
1091
891
23
774
437
155
944
224
1165
1172
339
722
749
1150
1097
189
535
206
1180
434
935
2
21
330
521
247
1203
375
943
965
35
297
872
136
661
1176
5
391
1034
770
184
1144
669
873
216
207
1109
664
1076
1106
512
337
151
162
1246
976
619
609
763
834
74
107
1003
339
1129
598
978
929
1233
376
475
623
193
419
496
1025
454
7
1056
129
1220
304
582
252
227
5
100
757
1141
482
1109
906
1195
84
324
755
153
1048
324
1136
708
1226
638
1111
515
362
54
116
1132
698
58
263
708
960
42
326
635
776
594
220
196
870
1156
464
204
1108
1247
336
702
972
1013
83
190
282
1052
102
976
804
567
447
884
885
720
1108
161
804
140
1032
199
673
442
665
241
748
1104
152
661
632
979
173
183
1000
380
388
1041
1214
671
778
729
614
1049
605
16
578
525
873
282
897
462
1029
473
1215
1214
495
657
93
1137
112
1003
1065
464
874
307
553
196
1144
822
875
270
888
71
512
262
1204
467
881
513
1071
811
1151
1091
698
989
513
910
848
1210
440
374
319
920
33
183
1060
869
42
913
100
183
806
658
553
1176
161
146
432
741
277
995
964
787
379
1099
414
368
455
281
412
452
114
1015
86
332
843
457
297
533
882
964
118
170
327
270
452
87
953
1166
941
195
986
1229
554
665
97
1048
215
521
1093
539
763
344
533
741
653
119
605
485
210
691
294
373
132
197
294
229
9
617
876
412
824
961
883
90
812
629
1066
814
436
697
613
35
678
691
727
721
900
356
1188
630
732
694
172
896
591
318
1207
472
864
1081
371
458
98
5
689
910
1177
633
776
1185
433
978
855
740
984
432
1157
862
714
194
202
940
693
646
400
20
931
108
638
717
876
749
518
218
19
977
360
1057
165
520
562
1216
146
276
73
999
138
608
1164
1163
849
250
1162
320
839
571
841
269
246
258
953
841
347
477
519
256
1143
565
359
787
417
822
937
1225
145
1001
607
888
865
869
299
618
812
602
162
679
1085
1189
793
396
941
376
308
681
396
53
1
781
549
712
1173
1217
1006
501
1038
184
989
1024
581
1172
657
256
1212
374
145
872
256
590
402
875
749
1018
1221
242
725
812
810
440
227
1091
565
1047
816
845
672
693
1192
751
461
28
207
647
417
460
372
1087
856
178
70
272
840
166
811
1024
226
886
1176
1187
259
858
724
672
345
194
724
34
585
1120
946
554
391
956
737
965
603
1103
865
983
424
1177
100
677
844
661
460
71
242
706
606
626
274
977
259
1092
1075
127
233
187
660
6
421
1015
436
1166
445
491
1246
72
314
1060
850
826
1072
766
732
862
588
807
108
261
1238
244
1145
652
1242
719
795
10
909
385
170
929
779
665
948
566
630
1210
1239
1190
567
250
1212
1072
294
667
389
764
156
27
62
314
1118
728
679
1020
870
235
433
179
1043
470
461
159
1248
570
565
64
634
446
260
911
853
834
934
865
275
1036
460
1024
603
465
912
876
1081
119
780
226
707
743
623
1017
374
755
1150
830
45
1126
222
345
390
1242
680
362
491
302
1053
263
561
911
361
844
918
469
267
341
661
234
1190
414
1010
201
872
716
656
695
583
616
920
669
1043
1059
628
145
131
678
1028
1058
53
244
979
1042
605
127
494
597
1230
533
824
1094
303
463
1114
551
869
673
1204
521
1244
391
265
627
607
448
709
218
221
155
1
1248
596
1068
1027
280
916
688
118
462
749
904
99
37
228
126
1230
1194
593
344
395
1116
691
603
1001
957
636
171
1085
636
466
1150
1219
1056
1059
198
157
899
376
1064
131
948
1042
9
68
704
393
1053
272
585
797
615
397
95
755
1088
1068
241
108
976
714
872
660
134
419
837
645
655
770
310
518
641
882
1155
72
1119
672
680
694
543
859
282
524
982
743
55
85
70
693
853
6
569
112
216
1109
647
656
1075
470
1105
512
20
785
155
46
495
300
413
111
982
1017
659
968
782
1154
865
883
860
488
580
413
657
175
1172
411
1073
1156
324
899
750
86
870
1170
73
894
570
1190
538
1077
699
917
957
181
776
864
439
982
701
947
1193
963
716
239
613
515
1248
451
364
780
832
816
1162
392
212
921
302
459
351
147
734
328
693
918
53
535
702
971
17
240
1095
1171
51
982
1026
957
803
506
584
82
890
924
517
520
889
656
851
977
600
1136
130
138
671
226
793
584
719
630
671
25
1
462
403
789
858
924
527
325
986
829
667
46
1100
948
64
1105
973
1150
812
1036
1048
104
369
314
902
787
129
59
566
708
562
1015
125
451
297
485
317
905
996
856
12
360
923
263
332
964
570
138
729
1181
241
542
827
430
905
139
1129
777
6
203
565
149
989
564
400
977
139
969
381
450
810
961
61
786
160
411
397
652
973
539
573
438
1152
135
330
479
967
734
84
1136
1119
463
511
740
480
1083
1021
429
923
853
815
1010
99
1005
56
691
612
1206
942
897
598
365
641
1037
812
1205
502
739
586
720
990
606
916
673
856
958
1099
937
33
157
526
855
1122
989
876
1147
688
233
134
68
656
754
124
348
824
178
333
304
583
1048
261
32
301
1183
779
330
1073
570
885
1160
705
217
487
7
663
606
224
369
55
123
123
1238
1102
352
490
675
677
1106
661
208
890
1047
1202
558
1070
1059
210
1232
1038
936
571
1196
821
582
478
283
743
507
339
599
600
760
310
990
448
168
635
722
1010
1037
1033
123
140
422
279
672
1156
417
1171
853
631
812
1070
694
442
841
322
195
1242
430
406
992
327
358
1179
645
161
730
983
1070
704
414
163
552
1062
724
859
633
23
145
41
850
476
275
552
207
862
998
546
585
1207
157
518
219
720
627
752
313
314
46
860
852
199
264
849
310
1055
382
237
571
691
487
1074
557
376
46
854
1072
653
249
165
711
637
616
122
1097
912
98
1191
203
1208
920
845
715
917
264
80
639
1033
794
858
452
803
708
1030
9
857
61
735
1077
949
1021
1229
816
1239
1141
632
1156
547
513
280
905
286
591
1017
200
141
745
1238
482
367
407
433
121
603
507
834
449
543
226
471
861
619
148
1234
1134
566
613
140
645
670
1054
224
97
31
994
381
812
553
1240
253
346
616
273
106
527
455
756
142
69
298
110
55
907
1119
835
1042
500
636
913
1151
1051
686
366
1222
307
1155
508
1174
906
1062
44
476
1083
391
109
694
828
385
451
1062
1233
354
388
506
610
1096
830
236
576
780
1249
646
333
959
448
703
1216
1063
683
1186
1086
433
522
179
706
635
614
101
1169
1225
1158
79
1031
380
216
994
544
879
221
300
493
1109
815
230
867
1079
732
351
521
1016
1041
881
342
328
437
134
419
960
1198
1086
302
715
752
155
1127
1172
1051
170
354
1145
43
524
251
628
969
908
233
415
612
872
1009
365
305
834
11
389
1017
672
344
461
217
526
634
798
1238
966
121
117
960
133
348
387
1223
807
1198
1066
559
344
1076
381
277
268
975
525
906
1033
345
69
195
709
601
189
182
503
434
260
860
325
613
672
1225
102
403
715
1219
731
998
787
965
789
385
765
97
300
341
994
127
294
626
80
597
623
636
545
704
859
7
875
700
324
133
422
834
945
484
202
155
312
249
1080
826
522
841
485
498
705
947
347
1204
133
1081
1218
31
124
661
1042
65
886
661
359
263
691
727
214
560
479
1172
1156
190
1197
171
1040
209
875
135
413
602
1190
1077
617
941
551
596
213
50
389
730
728
648
292
877
482
52
939
140
1156
334
223
606
239
200
686
158
604
180
827
390
423
907
1193
1142
207
313
883
526
961
51
138
677
778
1121
341
52
841
727
36
475
95
368
31
82
975
1184
673
992
489
235
813
1165
394
1066
1242
379
1204
129
1204
48
818
898
373
164
1053
531
9
1221
934
504
692
250
1063
701
1142
117
497
1080
347
421
999
1054
267
676
1156
776
1185
844
659
95
462
585
795
637
115
255
1134
259
1148
208
385
393
776
60
1048
1246
28
1225
475
60
292
12
1209
415
630
313
529
260
1145
948
758
947
596
350
744
377
1034
1222
650
1237
36
317
1204
1217
472
703
696
1085
670
893
385
1087
1248
842
835
164
927
1215
259
299
896
277
846
6
197
358
909
172
356
628
0
378
231
529
515
31
630
1164
65
382
427
340
581
543
129
1091
725
510
382
1112
950
515
418
591
348
619
599
226
366
569
996
979
266
294
747
815
422
919
724
3
126
570
394
11
331
1175
504
260
841
687
184
735
1031
106
854
623
618
27
467
135
369
244
708
468
1025
409
552
634
1020
727
1225
755
1217
90
378
54
860
968
303
836
905
1108
590
496
688
383
1212
511
797
502
1064
718
299
513
434
273
684
1044
581
1211
269
1244
779
534
142
1010
659
344
122
270
986
647
934
852
945
482
459
398
1218
606
959
242
950
1176
412
1145
411
861
872
46
1012
898
753
606
744
894
1113
49
252
526
69
253
1020
452
804
173
887
715
518
385
950
684
902
796
1232
116
1236
270
1013
284
722
98
327
1197
1092
909
237
915
841
675
179
717
149
983
921
471
638
434
688
36
1199
291
149
95
319
63
995
1199
721
655
926
439
542
354
1115
447
306
284
1142
613
188
464
319
268
898
413
1031
1006
933
1247
514
56
970
712
582
169
845
39
162
846
839
90
788
623
177
86
569
755
684
1180
321
298
597
570
441
832
420
694
877
105
943
767
586
656
212
1078
254
804
518
368
653
271
688
15
418
1134
908
631
1037
132
778
579
1037
52
1135
527
545
1011
451
506
423
756
729
269
42
839
209
583
1111
1070
1086
490
1218
281
91
868
1070
640
1108
498
292
240
770
1037
432
1099
425
1049
692
443
1024
447
923
123
1049
128
664
314
381
1037
339
577
723
699
369
820
1158
781
1108
33
1170
744
1125
590
346
1135
282
305
28
256
151
760
1203
671
490
582
1001
1107
249
922
559
480
770
370
1044
1001
1205
801
1073
136
1161
593
943
597
953
146
112
1246
278
1163
928
908
923
1204
576
151
592
733
1092
168
1152
1064
764
931
765
705
1112
1235
88
458
124
331
1219
804
597
1159
41
1090
491
1208
94
1245
1064
573
486
170
1214
1104
743
304
623
355
560
609
1014
924
971
1015
223
174
104
674
35
284
587
822
991
933
657
315
213
813
852
1122
242
80
671
679
900
852
974
847
922
510
508
156
236
641
1189
1088
361
560
976
574
245
29
71
188
674
755
577
571
7
1160
901
282
1174
625
259
338
458
325
917
326
698
936
1106
878
884
591
1017
273
275
211
779
401
948
530
455
1197
128
1096
768
172
558
75
993
992
1044
753
996
504
203
412
148
589
908
19
162
1221
924
870
1083
1142
163
513
1040
366
116
975
87
731
960
439
635
1225
1185
376
134
360
131
295
339
804
761
362
1154
1131
887
276
485
328
385
566
65
444
1080
136
1171
112
405
419
215
1071
1180
882
43
163
1240
428
185
601
429
135
435
1176
735
509
549
940
1078
322
804
521
557
126
9
660
179
874
643
912
1111
1188
1218
968
765
1118
55
943
958
578
118
612
98
1227
506
307
107
261
729
903
700
125
994
1171
1115
321
112
192
1194
730
95
139
391
476
1
140
583
1095
675
274
971
498
689
205
600
1096
569
46
982
1030
174
872
101
751
948
704
98
445
917
1059
1062
202
379
996
473
268
484
1128
680
190
1230
177
870
674
720
158
699
329
433
974
655
289
266
194
886
1117
822
407
547
152
89
1136
1064
1129
1050
946
417
558
50
838
345
926
1007
177
788
190
1227
955
264
814
558
1173
754
549
830
915
516
586
559
227
1057
991
572
473
365
586
475
632
1237
272
848
874
778
1009
760
374
271
643
825
896
489
118
257
187
1213
810
835
830
406
462
1102
647
156
839
1080
798
190
79
351
1063
661
550
81
916
480
473
288
187
884
338
327
471
693
742
1009
147
1049
662
961
20
173
78
81
284
147
706
707
362
426
605
292
270
150
942
265
358
419
687
31
690
1232
399
411
1028
819
294
141
1164
627
78
586
235
52
729
1077
1247
176
0
374
80
813
503
161
397
820
342
738
898
894
664
176
524
497
472
139
751
292
825
1157
121
333
913
920
1049
1145
763
787
13
825
188
1112
130
484
965
390
405
57
856
310
526
32
134
250
525
111
1220
1141
314
913
119
69
1239
1238
979
1185
478
195
608
1135
221
900
668
810
226
860
995
336
497
489
989
632
760
241
532
1009
554
311
798
155
464
704
884
1007
551
501
872
126
616
295
407
1248
244
1121
222
848
364
16
330
916
742
156
1134
700
994
990
138
155
991
1182
1126
574
1136
212
459
922
722
448
548
666
871
519
931
841
103
211
587
374
1079
703
354
446
430
982
774
328
992
990
1127
134
1122
1170
642
252
420
87
183
1080
160
604
636
101
1193
953
1160
142
327
112
1218
334
1033
173
178
294
1196
1
1016
563
1132
462
832
70
1032
536
838
623
373
383
489
465
503
799
393
939
531
206
903
996
666
962
757
49
271
629
801
844
126
1078
81
799
56
403
463
207
613
1198
699
80
1009
1142
1063
130
402
880
467
514
786
1018
510
1100
464
311
434
529
191
524
161
1076
1025
639
485
418
1116
1225
743
283
819
285
670
45
933
632
509
1040
33
752
32
1018
1008
838
638
658
22
435
199
242
96
475
145
1002
978
136
1043
591
180
871
296
597
369
399
57
79
639
174
640
128
997
598
87
1037
616
215
12
1197
1102
731
123
1131
1204
633
91
218
702
336
573
580
985
331
890
884
430
437
1124
872
764
386
479
77
1110
656
490
312
576
401
1082
716
523
383
479
964
689
271
1218
416
1012
1095
695
1199
1233
731
1008
6
270
856
1220
1008
1046
997
528
1141
725
475
1081
362
1207
757
128
119
96
691
837
99
33
1225
773
408
476
1086
314
165
1013
1045
459
620
993
222
557
630
1003
288
906
464
88
755
1013
1169
1181
388
461
879
865
1227
1155
1128
710
752
1070
314
1066
1128
780
16
1248
1117
108
1152
870
1183
203
972
1205
305
894
1045
934
886
513
587
1157
381
276
679
177
955
562
876
430
1037
1153
105
319
718
222
862
606
1148
115
105
825
138
939
392
762
449
802
674
372
866
847
344
1011
497
289
989
1186
270
815
452
1205
627
1179
676
429
115
333
974
668
52
1232
316
1118
717
34
420
1220
171
1160
235
353
367
567
53
149
549
491
860
1185
1118
276
1027
245
9
241
203
414
321
967
472
1235
1186
114
1046
1100
719
666
1016
1061
666
503
1230
1116
522
1216
872
667
468
630
877
337
1164
1007
1087
814
263
767
633
147
414
326
1074
1051
1129
928
841
759
902
77
971
463
1177
1092
1102
1236
1181
1076
907
385
488
55
3
373
509
318
445
508
558
136
488
224
135
1178
694
1210
1
1185
135
374
40
174
90
1026
1009
95
1244
196
572
584
255
1099
968
1043
801
938
398
148
1044
207
779
289
7
288
271
160
50
86
571
727
10
75
481
3
69
887
795
924
73
699
569
1187
520
585
129
682
481
955
918
572
258
449
1247
510
729
1203
47
1052
602
545
861
70
193
415
60
429
930
408
1053
410
147
366
48
549
610
1071
493
1109
1137
953
151
626
41
469
1009
829
719
273
753
692
1224
874
442
1157
1232
778
674
1035
379
430
1046
114
571
674
228
382
365
389
227
718
508
82
162
1166
866
1109
1231
1167
619
97
552
1166
1149
1098
562
374
790
563
615
977
1150
203
739
981
726
1020
95
1042
140
463
681
599
373
57
45
1197
363
504
916
899
132
359
744
1098
996
1065
333
32
271
709
1149
809
634
964
696
747
18
536
331
300
816
136
1004
152
31
124
290
624
1118
1236
1057
1153
723
975
885
1028
168
1068
1036
440
372
181
720
157
1193
37
1094
358
812
1071
908
440
204
98
234
147
991
430
976
193
483
1204
283
1074
1066
564
601
179
1222
622
847
148
68
608
52
1128
601
75
455
917
1171
331
498
390
596
938
517
998
777
671
979
686
776
1170
1231
335
1208
453
354
1057
151
705
920
913
993
983
1152
610
125
275
157
689
745
135
289
728
399
690
810
1168
132
158
896
459
140
923
606
112
508
955
766
458
534
284
754
647
356
1153
226
1103
743
531
127
266
1159
973
126
206
1008
779
565
80
419
487
202
443
573
866
987
841
866
407
384
1199
478
193
1148
899
920
677
1016
985
685
1227
626
162
96
536
7
666
771
37
275
1162
1248
949
658
733
887
119
300
807
181
1
758
588
1132
738
408
926
1190
1040
862
686
668
341
0
417
788
848
1190
533
1056
975
526
622
189
1234
61
783
987
600
337
1107
1108
1166
894
655
474
216
744
900
144
456
904
370
556
1168
410
763
1146
617
879
803
274
1188
508
972
751
1165
485
551
1208
311
820
97
851
1048
355
640
990
1125
532
1193
1045
746
973
432
917
1237
973
956
603
234
700
620
792
42
58
684
966
1149
525
893
1190
822
670
1101
873
0
105
99
1055
1130
1229
998
112
360
745
564
996
1093
346
885
337
760
414
867
1241
921
90
42
878
797
135
208
468
338
651
1130
329
738
513
1238
1023
985
996
1242
1023
949
446
914
233
129
1206
37
467
36
323
918
32
629
843
965
933
1200
843
133
285
830
812
491
1192
1041
243
940
1167
354
1101
819
961
357
330
139
772
395
934
824
26
491
459
869
1122
378
1225
812
27
985
941
188
120
892
244
605
1164
9
318
765
461
477
382
432
817
851
137
245
1032
46
1185
1036
351
628
568
383
504
614
665
1003
272
287
1046
322
1091
857
1006
286
672
999
621
1227
543
556
818
383
167
1173
538
1042
983
847
523
255
209
810
520
309
642
975
1010
56
892
926
612
353
1032
306
637
260
1205
487
1188
1222
841
1113
541
43
54
178
75
628
687
1014
641
83
488
761
1081
605
552
107
1142
569
1151
616
390
75
395
65
1108
196
737
500
172
911
237
635
38
5
1063
948
992
621
203
666
126
544
212
621
238
907
1211
204
1130
638
421
894
435
989
1005
709
211
839
1129
423
144
1111
812
640
586
825
1182
884
1157
309
181
837
440
587
136
83
605
1182
567
285
113
387
504
338
244
665
812
1202
1179
38
636
479
56
192
753
519
1089
1104
512
289
406
159
283
1148
1029
1121
267
351
76
435
239
719
948
1231
826
442
958
172
690
1241
1085
197
374
1043
1236
1129
1004
54
464
82
874
364
173
693
961
1035
486
802
904
618
354
1210
247
252
956
52
273
29
741
1144
1178
84
1001
60
458
950
411
662
135
23
538
97
598
1052
755
179
1232
781
1223
500
848
736
182
921
39
1177
581
403
529
747
170
1001
324
634
1008
1154
339
769
1150
561
246
415
728
0
663
692
210
21
722
1210
621
617
49
264
594
1047
12
408
346
677
130
271
1201
520
664
215
1218
1244
665
1015
841
805
787
1084
523
528
926
623
472
386
421
894
149
829
771
974
1239
556
1014
1226
815
156
529
980
300
70
1018
895
866
1226
897
353
189
401
1219
23
842
842
703
859
823
15
836
355
459
198
623
153
93
730
293
287
448
1081
492
1101
1103
413
55
446
204
894
1188
1214
738
1133
438
731
1204
