775
854
18
732
647
628
888
164
197
234
636
44
163
208
527
363
341
528
422
224
244
398
88
394
290
680
569
329
116
272
930
285
523
675
169
484
539
795
389
158
837
214
259
101
617
554
66
187
769
690
177
835
119
908
377
64
722
917
362
489
392
674
871
973
293
882
931
667
402
498
884
872
800
219
102
918
459
553
491
127
335
957
618
803
717
278
799
856
171
372
40
345
290
396
910
464
499
360
214
385
41
56
1
235
258
804
286
509
815
173
405
925
16
265
368
17
653
468
173
833
677
257
294
121
409
545
211
669
621
85
760
712
730
299
653
264
166
482
819
485
299
165
29
568
476
891
136
421
689
933
412
602
648
256
53
846
523
879
880
191
166
642
36
492
596
626
477
97
285
583
459
984
531
843
446
935
188
180
977
93
844
45
20
789
639
852
259
96
85
499
53
144
317
143
297
325
302
45
85
985
65
718
146
985
868
762
695
144
890
992
83
747
930
227
166
651
318
669
777
645
70
696
388
940
702
739
443
601
464
231
922
37
801
3
451
756
71
883
667
710
863
420
227
456
734
46
16
264
650
66
917
573
139
76
65
51
836
457
149
264
590
617
121
319
168
738
159
708
610
877
108
629
28
872
729
536
6
421
587
624
160
749
8
954
319
42
219
507
597
770
120
246
81
922
294
97
389
848
519
580
529
785
23
408
727
120
277
216
631
813
148
845
62
962
347
728
264
229
224
857
752
426
502
601
147
687
68
98
223
737
323
831
18
236
808
328
773
452
637
218
912
837
152
955
29
397
927
8
627
498
951
238
885
422
179
250
7
899
575
397
302
539
804
369
385
830
691
849
454
991
138
13
371
311
819
265
736
996
263
416
205
960
781
604
299
77
167
1006
517
909
231
774
327
66
383
350
961
67
822
623
924
559
630
78
295
616
382
677
34
501
370
818
800
627
811
19
2
27
920
94
937
708
560
686
397
382
936
27
340
819
516
125
310
34
811
889
749
251
760
475
114
188
977
888
964
2
900
478
814
52
411
502
790
874
381
719
732
181
196
552
953
489
150
551
899
108
771
75
163
261
367
575
333
310
37
921
375
665
73
663
232
657
919
1003
293
698
834
562
979
465
230
519
394
299
506
617
430
766
196
112
869
96
546
156
260
951
971
291
169
343
430
896
789
948
172
42
517
941
611
974
444
906
266
847
210
923
135
840
71
627
260
847
349
8
886
415
389
230
12
109
888
176
586
333
23
814
20
641
656
813
937
452
1004
566
359
12
616
105
341
144
574
154
900
66
88
595
993
118
63
775
281
476
313
101
837
370
703
551
1
909
220
302
775
867
966
844
145
11
691
680
521
56
467
0
360
81
997
9
603
423
646
730
610
150
255
925
43
684
717
457
328
17
967
108
514
611
823
682
853
970
901
773
714
329
441
886
451
14
209
63
208
967
726
99
796
203
118
327
963
388
54
911
578
23
129
274
166
10
406
669
775
365
378
454
419
478
907
190
817
930
281
622
850
643
354
507
357
142
500
603
248
846
392
447
786
721
254
921
930
158
524
413
347
507
315
779
656
572
222
289
151
455
711
903
19
179
271
72
462
837
793
797
946
695
134
553
707
971
205
209
779
768
770
854
772
525
286
685
904
946
818
495
524
34
192
747
911
673
538
95
755
684
220
715
24
828
525
617
539
454
599
283
721
978
661
79
319
690
359
33
534
958
189
300
997
735
138
37
104
103
694
680
988
972
699
816
659
71
925
827
72
577
860
365
971
385
326
202
504
458
240
52
132
680
71
19
792
490
715
343
931
690
846
618
575
131
822
963
872
708
739
748
601
77
810
180
889
357
34
1005
114
740
561
346
282
153
513
391
10
726
133
131
211
273
488
496
764
79
882
932
639
589
285
247
300
734
442
114
395
225
765
981
360
490
45
173
318
301
809
909
627
54
533
818
403
531
219
124
728
824
341
103
471
215
938
385
123
360
364
629
12
764
809
765
723
995
945
392
725
124
576
752
692
978
565
267
825
188
59
196
515
859
919
988
557
914
36
728
686
924
579
676
927
966
396
428
127
901
335
728
946
511
892
81
659
662
873
514
30
436
390
699
397
957
479
6
73
916
967
849
43
47
482
447
509
709
654
804
595
888
569
672
286
731
773
363
385
534
675
558
697
634
21
258
287
810
619
406
361
971
67
639
226
240
290
440
925
955
643
652
327
791
439
846
907
421
279
631
782
322
510
426
734
964
531
404
1
844
632
250
619
294
691
605
857
717
666
902
516
703
544
882
261
479
73
908
864
237
846
148
101
771
358
540
742
241
287
230
335
288
889
143
865
16
730
698
833
168
674
55
990
24
743
29
860
220
836
562
195
0
452
43
18
648
27
102
405
259
475
360
386
801
611
55
454
372
556
24
32
330
441
320
290
445
516
888
265
170
5
690
537
97
649
626
195
13
967
245
666
177
199
679
481
94
870
82
197
509
711
705
489
138
683
893
378
629
724
362
668
810
422
535
315
695
538
702
938
45
821
540
112
920
234
135
706
8
694
604
182
575
387
501
600
203
959
108
310
222
125
150
79
807
687
494
177
66
214
505
71
575
503
502
111
111
758
89
20
177
713
711
403
849
322
746
216
202
838
394
784
673
175
153
142
475
885
585
334
536
739
777
724
23
561
894
500
488
52
437
925
859
30
91
973
406
50
349
535
228
37
88
206
328
676
925
980
792
512
725
463
945
104
601
117
311
575
10
368
477
436
256
454
215
12
550
526
685
413
606
300
96
991
824
524
492
251
646
677
426
350
555
909
398
952
281
670
918
993
328
423
819
207
102
42
970
306
138
504
589
407
325
617
143
785
67
927
164
82
747
21
879
190
927
390
799
506
445
265
946
795
963
126
173
642
821
636
676
56
192
145
535
351
617
474
497
32
625
929
480
699
705
505
558
121
659
687
842
755
828
237
175
99
37
296
724
955
915
91
662
539
397
804
661
744
312
979
74
552
252
923
338
379
546
563
622
2
632
441
239
289
916
355
674
28
866
244
113
944
590
545
968
444
710
941
449
234
799
901
411
685
247
110
796
652
1
442
755
240
361
56
272
329
555
915
278
420
97
760
165
108
454
155
671
78
832
335
917
766
402
90
521
674
833
362
404
771
54
994
741
742
176
366
73
34
48
894
499
288
392
793
962
530
180
811
367
756
597
117
748
915
978
314
867
170
145
845
108
522
850
906
275
659
637
852
958
854
460
174
562
621
200
194
162
315
40
19
521
911
1005
407
977
257
879
806
213
356
38
450
690
75
920
107
297
932
571
298
566
189
879
42
139
956
901
744
352
11
587
24
20
852
259
380
578
763
272
683
496
314
205
209
488
494
888
250
792
736
554
743
970
741
192
412
376
515
432
684
275
314
579
27
232
267
456
948
619
481
760
555
413
402
671
336
242
271
373
542
103
832
700
273
1001
651
722
247
371
802
48
544
921
26
123
102
500
800
388
683
947
833
655
655
579
968
426
520
825
516
135
1000
11
55
199
213
685
338
941
602
778
904
409
4
635
713
627
736
430
50
907
587
466
847
636
442
412
543
580
714
841
206
666
593
178
556
360
1004
442
592
750
54
915
759
162
1004
880
924
541
847
645
207
292
745
353
963
841
958
733
690
760
706
121
385
1008
680
412
360
630
149
359
529
573
857
214
11
716
886
952
459
929
511
60
178
933
149
454
524
305
899
226
344
801
241
433
128
206
499
162
218
968
714
839
860
348
318
793
936
616
165
383
704
383
243
227
892
270
592
193
739
89
63
898
214
752
332
338
708
141
338
327
212
783
332
924
413
204
658
216
906
304
468
639
572
157
87
494
47
921
994
868
948
571
526
789
922
406
876
895
326
245
729
394
593
185
538
451
291
540
85
290
574
114
682
445
166
828
138
673
756
361
769
978
495
756
8
642
525
350
985
748
319
308
69
805
757
281
643
905
213
1006
246
248
280
362
777
809
818
246
892
109
390
33
168
701
653
595
615
492
597
647
995
876
478
325
858
793
580
277
458
327
855
843
370
195
518
896
528
959
46
851
137
627
452
419
381
19
853
269
456
866
796
212
733
952
995
181
66
130
971
618
42
589
388
31
840
517
957
602
927
12
592
603
592
907
330
819
186
193
458
987
618
910
538
13
869
292
523
655
775
824
58
822
243
787
356
890
452
145
501
901
722
903
845
248
615
925
776
781
191
482
344
147
314
814
357
217
834
3
168
166
276
414
676
802
1
991
781
478
805
882
560
906
958
309
149
798
54
27
695
610
735
91
417
109
853
524
385
633
62
547
736
166
744
45
753
988
541
115
114
343
301
859
181
190
567
499
0
890
991
711
461
599
875
963
347
205
278
996
569
116
366
569
904
269
796
302
2
135
557
482
702
495
465
435
89
605
605
639
579
372
245
367
98
311
809
497
418
996
553
475
656
67
81
82
861
382
868
515
264
203
996
82
481
548
175
495
189
422
463
933
442
316
367
529
662
698
340
548
724
371
134
618
944
976
436
399
367
854
103
658
589
21
1002
984
901
1007
185
972
247
326
778
145
347
107
2
356
1002
174
776
552
402
109
785
31
283
142
740
686
848
32
355
796
963
610
54
14
39
383
435
578
871
322
900
178
293
778
439
498
777
174
853
5
302
770
582
537
564
877
234
946
456
924
209
651
283
966
943
459
515
917
170
617
968
755
167
415
831
786
660
333
403
382
201
828
854
411
55
293
377
863
197
367
470
522
494
620
507
252
562
641
854
276
417
614
196
294
28
266
895
787
566
548
488
778
654
23
308
237
494
274
926
368
891
116
519
97
130
305
568
769
398
845
329
313
536
286
806
105
276
940
320
220
209
736
285
684
570
474
592
91
118
941
473
312
361
320
900
341
543
85
844
473
627
467
92
729
609
84
924
579
161
849
61
13
956
370
416
350
976
600
220
538
788
622
115
526
808
161
786
20
68
344
457
186
827
199
212
605
687
308
82
525
672
387
915
602
906
548
213
315
370
896
73
244
400
11
874
142
220
240
11
803
989
551
774
667
92
207
452
10
551
22
165
714
157
907
140
88
350
449
657
196
30
182
645
295
409
447
413
302
554
534
646
948
340
429
242
769
527
595
321
775
642
554
374
872
706
161
17
208
371
16
584
69
559
533
157
1003
191
627
320
467
896
762
39
423
789
434
265
455
750
408
188
953
660
1005
545
193
813
656
43
8
631
37
843
744
753
968
41
74
791
519
569
292
632
628
102
32
724
599
532
551
291
616
839
507
163
673
502
830
857
282
744
162
319
133
26
97
616
526
334
179
167
98
1008
137
19
898
140
386
596
524
590
221
609
289
616
371
727
797
114
854
938
265
425
620
821
722
723
334
406
186
901
556
160
657
343
184
915
814
102
177
746
871
779
162
231
261
113
990
889
19
399
772
312
587
671
69
570
591
525
451
716
917
163
766
747
340
108
114
709
130
744
342
106
259
752
597
957
125
1007
554
138
554
833
891
827
791
236
65
264
224
825
856
694
474
383
663
755
640
422
408
8
27
924
154
136
1008
833
947
806
461
866
923
68
493
607
352
365
987
816
711
760
555
58
721
381
926
638
849
72
583
938
518
320
227
810
292
862
991
857
569
981
819
76
904
443
626
779
861
944
73
856
871
484
910
424
831
978
188
949
745
1004
966
259
240
606
246
217
710
338
464
429
337
798
894
990
167
342
308
939
804
389
304
615
472
366
58
643
302
687
91
469
832
334
527
793
102
533
559
128
212
302
212
271
169
305
198
57
533
811
978
332
58
635
841
524
836
888
454
810
534
429
22
826
911
516
707
108
885
606
398
363
522
22
837
643
957
773
994
598
131
876
805
623
917
822
530
746
27
523
111
517
851
942
39
133
996
41
12
68
776
583
955
259
653
509
976
721
416
461
931
405
192
177
928
92
926
944
204
979
961
838
911
270
880
600
411
533
108
230
5
460
899
898
729
879
886
596
487
845
432
533
306
365
785
424
978
798
244
432
25
84
50
918
659
312
14
542
478
662
0
766
183
764
60
91
389
819
244
656
902
311
999
718
499
193
556
638
61
661
975
341
753
533
157
10
282
414
964
165
50
857
585
375
602
709
869
241
154
74
694
675
539
738
391
320
783
400
241
219
986
279
471
161
73
967
890
246
722
310
908
964
308
761
926
317
866
274
614
703
505
843
41
752
72
313
15
453
850
796
779
23
638
592
570
73
463
534
500
605
470
811
323
872
391
653
697
343
623
324
510
161
281
151
772
616
298
305
270
387
320
646
327
498
194
271
899
539
139
58
563
974
807
667
666
917
87
368
591
914
620
324
326
742
298
627
692
728
86
985
555
757
592
705
463
375
22
804
554
694
287
633
59
615
731
857
403
679
163
728
419
193
485
126
41
699
78
510
220
990
266
631
60
986
619
549
323
919
436
624
545
897
659
953
966
608
226
900
441
141
627
979
748
934
516
268
869
755
545
101
693
183
197
260
767
857
340
186
272
557
499
231
744
945
597
556
723
938
407
889
252
608
456
80
104
79
300
221
649
543
877
873
399
786
93
28
439
686
306
919
548
780
897
719
896
536
734
800
721
142
941
525
975
747
600
187
4
88
956
86
777
631
918
781
335
463
303
494
170
870
368
31
836
585
732
970
29
56
980
233
687
797
238
362
139
253
604
201
40
879
457
482
164
809
377
533
850
582
686
625
750
185
258
991
556
580
259
183
735
798
821
154
271
98
808
215
989
411
383
882
634
357
990
77
320
513
107
311
244
785
210
950
708
971
424
965
996
155
882
98
396
320
308
41
466
234
21
246
451
942
970
334
113
632
762
845
487
482
11
571
817
322
813
110
566
739
21
74
284
321
0
428
571
735
211
596
333
238
793
386
402
355
705
851
226
596
393
484
666
745
897
188
314
287
955
869
292
600
132
654
89
92
395
289
1006
275
731
277
75
536
126
239
228
968
495
42
796
5
921
571
957
229
1008
680
976
271
560
309
656
733
76
184
611
488
214
288
697
328
4
947
832
545
593
368
322
283
479
99
166
141
554
765
959
204
545
345
998
794
312
230
645
488
613
837
331
905
515
271
33
342
277
980
875
776
410
495
1006
39
84
555
756
952
720
78
845
133
865
778
706
5
233
34
481
509
694
279
58
621
853
308
677
681
483
903
325
32
62
302
387
965
768
646
650
653
386
25
549
72
251
87
740
202
826
765
179
569
612
646
852
372
14
46
10
4
76
670
556
545
863
121
409
211
564
308
206
811
232
234
936
207
997
134
867
790
198
224
896
440
133
699
250
570
540
295
472
452
220
873
646
398
376
100
978
779
10
62
371
157
209
597
67
887
293
399
404
330
2
220
414
24
692
121
120
628
633
786
484
528
159
74
691
346
553
342
60
985
53
220
884
627
584
955
449
803
844
273
589
264
688
477
678
604
761
16
807
121
178
757
514
362
100
670
382
772
548
538
218
727
206
628
652
663
723
994
351
82
697
569
738
891
701
254
596
835
575
414
863
424
965
929
749
957
286
374
881
915
401
559
13
132
895
660
286
753
795
323
603
378
610
233
525
308
428
817
129
460
436
514
40
666
159
271
850
363
762
324
484
8
17
552
323
630
621
893
115
154
560
49
147
938
757
527
641
5
217
353
41
793
350
735
977
990
470
526
474
934
994
911
86
806
626
219
85
373
315
7
62
609
349
283
115
358
666
689
242
966
365
663
279
328
160
586
103
680
847
685
173
834
143
687
670
860
319
450
144
144
524
513
103
547
895
334
41
690
681
640
96
552
78
477
553
887
559
536
119
460
74
652
520
145
879
814
892
23
595
276
691
20
801
598
290
756
662
818
260
151
840
567
183
761
941
244
620
97
778
632
144
776
827
177
425
967
490
694
102
896
434
426
237
274
227
90
11
800
624
756
444
147
204
565
729
253
522
919
274
464
274
385
979
915
91
652
502
964
179
75
470
346
658
603
36
304
90
709
74
290
170
567
574
34
100
130
655
816
958
165
143
909
27
850
480
605
452
362
58
73
442
340
492
993
895
781
342
326
596
1002
484
284
76
251
964
145
443
337
393
525
866
957
871
618
629
991
849
369
620
606
520
556
881
448
246
553
567
476
26
93
371
86
935
582
639
295
615
164
224
716
179
713
339
835
850
180
921
659
129
80
53
466
234
279
303
790
70
632
871
921
519
840
641
373
275
825
440
362
371
796
528
823
756
111
310
693
721
848
457
872
685
792
55
638
592
691
489
505
86
500
651
133
857
616
470
590
382
695
510
581
360
157
549
414
493
558
805
748
59
140
764
945
713
110
117
368
972
420
285
82
0
997
855
348
302
896
90
54
175
579
198
103
219
70
254
488
211
561
370
433
677
633
246
532
155
823
732
2
577
51
235
990
697
967
967
766
764
694
656
800
239
319
544
349
606
88
524
383
833
48
843
221
632
344
440
741
228
63
538
785
498
552
693
967
10
624
404
91
114
943
981
368
916
76
816
932
180
171
892
551
426
346
346
862
765
97
835
403
823
106
1
702
966
49
139
705
492
333
105
63
349
805
90
596
710
97
240
58
311
344
474
695
636
983
456
655
290
269
973
196
566
480
443
302
126
15
834
206
565
166
237
459
135
515
490
121
938
307
569
782
380
624
253
156
608
483
352
610
343
676
825
957
845
41
669
635
441
578
506
27
914
577
51
373
806
508
97
68
456
728
21
17
819
712
303
189
229
142
895
999
406
868
297
562
139
962
133
180
225
29
877
482
415
409
567
355
678
405
323
192
840
766
581
392
352
580
458
23
815
526
860
953
29
79
744
123
72
9
786
755
421
294
736
409
381
823
918
426
381
8
185
941
539
307
29
207
766
511
70
730
396
75
154
243
92
379
877
762
526
444
548
553
549
167
93
915
52
393
516
35
19
34
444
764
725
35
635
569
394
567
707
753
400
360
16
626
873
848
176
288
902
565
541
28
569
548
478
100
263
345
796
886
322
947
592
886
121
452
81
958
514
355
125
36
459
623
253
986
613
722
910
510
217
163
204
713
379
767
74
64
439
990
594
145
607
526
432
382
894
999
125
246
876
164
348
391
32
199
213
808
688
455
187
79
228
634
497
226
973
655
742
124
815
921
544
1007
365
247
807
409
682
653
1000
23
708
308
646
878
282
105
368
548
197
486
698
116
979
941
56
383
973
208
295
469
314
352
997
480
428
548
686
600
932
92
273
764
150
349
698
457
559
846
715
732
152
207
107
73
38
353
353
470
15
17
970
31
131
648
18
335
58
18
379
678
50
399
576
41
34
983
97
285
504
790
352
488
364
35
145
675
413
60
392
43
699
315
603
203
239
1001
325
547
820
985
30
104
816
55
530
491
13
962
72
584
959
247
922
165
105
906
613
221
717
952
411
420
942
560
329
120
437
751
115
922
506
45
43
699
1004
481
356
214
1
337
856
873
305
731
273
536
76
281
603
437
136
937
234
773
24
574
539
230
6
820
428
210
961
120
916
255
215
611
535
915
561
614
541
339
191
397
645
865
867
70
935
92
580
251
996
838
615
438
40
804
332
373
672
292
1000
913
552
752
47
812
493
714
21
29
263
497
315
656
940
626
155
613
392
455
4
706
467
19
233
234
462
450
13
44
354
145
675
45
623
571
952
193
738
211
255
105
115
21
475
342
2
950
584
45
822
192
869
197
381
760
152
711
279
978
561
5
140
903
868
627
181
537
815
818
200
132
312
438
563
277
725
430
63
157
39
351
87
534
519
486
170
731
794
864
528
548
892
494
461
742
874
663
612
270
39
678
284
869
518
869
714
495
930
342
491
293
249
600
877
474
277
61
639
664
776
304
524
303
744
354
274
464
420
351
275
802
237
813
329
861
246
793
687
162
131
559
439
128
531
191
891
501
498
683
898
410
898
494
462
284
955
356
511
27
342
983
8
156
355
940
555
797
96
843
388
168
676
436
46
799
375
427
75
470
668
606
835
380
223
811
149
562
141
372
793
242
738
372
248
721
798
333
446
765
457
907
98
350
670
1
925
100
520
145
8
675
450
896
928
595
200
34
895
1004
520
827
964
144
245
633
890
401
129
461
904
210
695
6
310
665
898
568
205
845
316
2
478
686
179
968
690
963
809
89
508
370
985
514
870
469
242
438
588
918
178
383
438
65
838
782
6
920
216
42
728
475
462
710
6
628
529
852
367
991
639
231
146
47
14
229
160
25
573
187
804
449
940
898
626
6
930
325
237
431
673
165
501
395
643
90
753
65
999
842
489
103
998
649
376
696
239
663
643
398
331
491
541
8
137
275
889
589
37
539
574
257
896
195
812
568
141
835
265
9
290
414
171
532
73
748
570
785
617
313
628
446
575
448
411
486
123
990
296
376
46
87
317
929
182
69
238
512
96
13
540
922
476
356
180
541
614
988
162
684
103
215
728
945
757
658
1008
53
367
915
692
269
105
368
628
849
486
188
993
296
346
0
107
746
640
417
226
944
576
599
262
1008
238
475
255
694
909
271
698
754
435
941
852
468
527
384
407
796
123
899
990
162
958
129
368
385
815
200
434
8
382
363
339
576
489
567
665
610
15
558
696
850
523
290
171
574
979
107
327
783
711
323
88
789
38
11
823
773
608
376
903
950
791
814
133
805
390
159
809
777
838
992
819
511
937
465
615
757
63
355
986
550
395
703
649
391
54
230
566
490
678
219
846
308
664
563
817
382
40
123
341
98
843
722
934
822
792
509
602
62
430
1008
913
657
942
856
875
131
703
609
384
860
892
367
759
388
321
103
312
487
422
560
298
557
907
186
453
796
498
277
607
648
627
675
98
118
491
241
174
325
771
422
968
593
37
583
321
703
237
1002
250
569
744
364
948
435
278
222
80
732
681
229
944
41
625
475
593
852
796
926
188
996
220
596
717
146
352
335
109
996
956
66
820
427
259
761
71
740
484
24
321
81
747
553
627
434
965
85
912
931
754
539
454
1000
370
573
29
985
195
272
992
834
143
13
728
706
147
610
939
660
831
705
914
896
112
270
165
800
730
163
1001
511
223
232
831
614
515
164
962
922
915
1002
290
719
319
90
26
168
790
654
787
345
225
577
722
964
920
827
322
779
33
1004
3
709
822
823
951
701
19
767
695
394
990
688
182
266
238
758
300
740
810
855
675
88
47
26
835
753
651
875
316
416
724
579
94
794
59
156
705
606
630
740
464
715
376
806
141
472
113
363
257
36
202
69
298
299
843
627
830
817
78
360
662
84
384
284
933
249
359
80
252
150
78
794
399
14
778
66
338
295
435
133
729
126
12
531
818
766
15
728
850
141
889
541
50
411
718
304
351
656
831
912
718
107
269
517
587
831
614
568
517
852
817
535
311
424
85
96
164
316
236
18
915
841
754
404
936
121
257
211
929
264
255
699
485
207
213
948
307
203
662
74
95
572
419
703
672
396
9
295
502
406
691
474
754
304
594
383
129
316
138
29
239
386
866
379
311
975
144
86
997
488
355
19
315
622
122
362
403
653
82
228
994
753
374
947
915
786
738
884
646
482
480
240
637
65
778
978
9
279
945
161
951
274
410
339
691
105
370
891
762
527
34
591
499
211
597
395
495
397
308
521
254
202
668
104
991
962
560
988
920
642
993
885
672
981
846
476
506
448
75
735
311
554
560
205
851
842
908
368
983
213
30
745
748
321
248
269
926
798
615
753
650
159
72
490
94
129
838
271
861
744
952
578
785
173
776
615
969
26
201
141
431
856
276
444
497
629
106
813
261
40
144
136
907
550
832
843
724
90
850
710
122
480
511
6
327
444
388
991
654
587
488
928
478
308
654
519
219
967
577
165
252
201
40
382
671
658
626
933
582
782
872
619
186
456
36
727
832
875
214
249
621
245
321
390
858
187
528
553
326
168
701
104
886
987
818
519
310
819
549
559
577
626
20
667
707
262
109
902
60
344
266
591
283
663
816
539
426
383
361
373
679
892
959
295
514
638
229
520
642
197
264
182
272
914
667
599
638
668
31
176
773
809
702
772
7
1
253
784
1
768
335
324
867
366
817
52
88
26
984
681
855
885
491
855
895
531
610
572
9
1006
16
585
119
851
474
596
851
552
792
576
141
418
658
64
972
130
167
75
726
375
27
897
804
375
195
490
682
768
793
182
706
662
990
413
918
1002
103
701
738
600
281
3
324
247
411
658
560
581
172
589
285
459
1004
549
647
501
358
363
726
376
29
721
358
638
1006
699
186
65
822
88
597
188
917
978
563
308
608
611
358
878
215
98
508
263
727
998
986
579
984
441
300
132
196
529
733
983
149
560
416
499
863
575
887
188
598
104
960
645
70
305
620
971
480
402
282
539
90
959
763
481
484
350
330
177
29
298
311
939
530
909
34
625
767
133
469
455
184
892
318
914
790
245
511
717
1
793
91
889
154
895
122
248
715
413
98
47
712
878
941
62
751
161
769
144
550
392
229
850
516
119
194
178
511
259
585
317
739
957
826
979
472
390
498
635
128
75
835
179
239
29
104
605
309
594
981
86
90
750
292
66
139
9
410
1
405
396
740
447
238
170
569
668
685
955
628
437
160
51
600
261
790
795
918
925
423
644
544
179
895
781
646
71
697
192
341
930
964
153
650
300
207
618
734
862
78
883
440
484
291
506
964
730
9
474
710
411
571
953
120
10
932
315
103
516
794
734
78
771
21
427
509
927
295
125
465
714
25
611
331
451
356
179
752
520
29
923
15
934
387
1007
693
274
623
783
375
441
685
184
492
394
409
985
731
716
644
165
401
519
980
158
88
949
786
648
385
322
221
537
101
651
370
148
956
727
814
960
956
521
165
95
445
704
589
415
505
856
179
573
677
885
337
129
952
380
285
408
552
463
108
916
345
92
679
186
100
110
569
554
989
358
94
988
40
438
891
223
112
757
346
528
673
680
196
904
958
927
1003
40
61
159
512
531
419
910
100
426
857
447
376
249
855
629
764
852
332
991
553
415
700
254
952
987
380
266
246
666
902
96
611
463
727
179
735
294
252
144
638
601
624
913
123
18
742
527
530
671
221
965
432
411
758
877
356
900
24
791
573
74
827
473
598
99
269
595
803
407
617
114
986
98
330
937
717
262
954
162
401
836
191
218
502
489
764
998
243
617
378
0
581
716
709
437
251
466
593
690
917
551
65
497
453
405
352
500
990
835
821
684
822
655
857
390
666
483
323
381
100
538
388
706
929
304
285
304
429
141
47
245
53
310
494
126
113
165
912
686
136
251
830
640
208
749
739
38
629
245
560
628
390
65
219
640
213
91
438
530
840
664
338
653
163
515
400
66
745
332
309
520
401
224
110
525
794
573
854
677
306
855
148
650
463
565
331
114
460
491
453
594
745
466
471
909
608
936
445
722
842
617
351
548
762
85
684
746
975
359
799
835
753
682
379
81
265
390
888
36
688
270
801
647
237
598
768
771
873
295
991
472
292
780
391
980
435
474
20
437
946
450
410
929
513
442
954
360
923
379
228
585
470
499
9
893
136
433
28
595
549
401
473
748
396
171
175
283
356
244
299
547
284
385
492
827
701
906
294
705
739
370
771
122
387
835
618
568
58
189
366
526
805
92
102
539
374
105
926
697
262
407
302
927
278
495
849
925
874
464
164
140
122
495
129
783
532
919
627
528
121
810
709
357
343
609
223
887
480
226
591
897
607
886
441
8
428
881
332
945
754
81
982
855
883
371
753
972
588
398
915
703
223
331
502
860
471
455
149
230
204
503
413
806
835
749
807
114
146
366
984
487
318
425
217
14
860
247
619
459
638
926
102
954
799
881
13
829
894
369
748
821
196
835
714
1000
540
863
671
535
779
1005
591
319
664
791
956
875
689
584
41
243
148
43
959
799
257
846
823
935
620
671
567
80
155
43
464
198
435
39
50
962
865
316
83
274
810
311
881
437
547
975
898
540
106
332
997
693
283
375
585
649
832
164
151
950
641
351
738
335
494
477
637
946
488
387
669
567
1005
932
973
496
721
759
214
146
662
38
201
472
768
805
318
916
898
141
193
506
259
10
407
839
726
667
659
204
491
350
9
933
376
814
371
721
890
489
55
20
9
642
772
748
791
781
687
957
346
345
676
529
568
904
178
525
994
532
188
550
564
785
897
163
978
455
391
752
687
244
255
657
869
455
499
837
47
546
265
514
77
697
511
197
438
379
4
77
173
87
459
409
536
90
318
449
902
526
531
411
330
749
612
574
656
711
258
582
492
358
466
823
1008
438
663
815
641
100
465
34
814
632
141
821
29
837
934
402
107
666
296
340
902
712
141
465
1002
221
726
26
34
882
143
1002
113
708
302
813
987
206
938
342
969
853
742
203
298
677
370
956
322
992
921
457
733
482
926
317
469
648
950
93
750
283
393
538
248
18
110
451
697
24
436
309
57
988
273
507
920
780
458
566
598
841
274
908
443
117
121
388
261
203
103
601
67
498
924
305
843
633
944
684
197
57
248
793
331
476
648
174
346
496
340
896
453
395
457
459
494
428
16
159
115
293
405
740
716
637
565
512
991
65
457
915
688
292
596
987
203
52
437
302
654
405
686
371
448
141
734
733
596
180
236
797
507
590
705
923
165
544
330
279
487
881
645
96
713
413
616
239
415
869
673
393
91
767
820
652
17
976
471
880
947
650
619
170
22
129
596
660
637
773
819
701
352
852
224
371
2
196
354
52
335
635
916
630
574
570
621
602
114
139
104
676
787
3
643
164
109
431
497
588
36
612
505
337
788
655
475
837
588
34
283
295
662
501
117
796
920
432
461
101
251
102
955
631
752
533
95
230
894
977
870
324
76
528
318
489
10
932
824
402
702
635
88
178
77
902
170
925
303
500
238
546
946
577
212
605
211
111
854
697
178
509
221
983
130
403
977
201
978
819
271
280
299
762
42
893
299
463
1002
997
286
568
408
378
988
997
564
721
263
647
826
924
740
348
50
885
98
29
714
721
849
659
457
388
755
97
332
285
443
381
580
408
963
723
556
541
933
154
977
201
866
512
339
314
160
659
678
136
614
262
798
319
993
443
660
738
756
563
239
765
877
316
754
772
274
627
830
877
423
506
412
724
668
68
213
982
605
419
448
93
658
2
39
343
247
973
25
444
787
732
14
77
617
458
556
808
644
336
671
454
646
456
921
149
837
744
828
959
827
343
640
63
368
690
375
855
525
267
256
869
722
939
674
600
531
223
441
226
853
1008
654
112
311
101
935
999
644
365
663
229
178
390
783
212
805
918
874
283
15
375
580
739
477
264
892
719
613
332
425
430
93
603
816
626
487
591
519
645
1
475
438
80
710
592
848
19
350
56
867
507
502
982
368
896
385
702
982
854
655
342
196
864
23
57
503
822
169
987
229
730
886
168
697
784
388
451
370
351
175
306
619
654
27
255
329
919
756
670
928
947
423
45
69
108
685
165
127
634
853
525
281
82
584
731
748
518
448
829
563
327
223
830
620
821
775
294
271
233
202
634
874
664
824
42
433
54
463
473
373
12
202
461
871
351
584
135
166
199
263
542
632
830
68
881
885
416
281
127
677
368
546
198
391
426
551
967
113
89
689
66
813
198
426
794
238
105
864
43
331
489
640
216
521
780
742
959
407
308
938
943
811
513
475
707
797
903
77
667
576
967
941
286
659
461
39
414
1007
557
185
266
346
141
992
568
941
139
306
200
509
356
306
139
619
550
108
1008
551
2
188
332
159
216
264
952
325
306
344
696
630
218
879
685
716
478
877
567
216
712
427
67
703
504
386
49
716
610
474
991
580
804
881
300
232
121
289
547
111
724
368
241
275
803
162
796
931
426
171
821
227
737
453
387
8
460
661
586
806
51
671
451
672
224
183
841
10
809
88
678
673
822
121
365
980
21
1002
508
199
320
134
215
822
846
163
326
902
292
872
502
546
12
684
849
56
981
435
907
49
763
327
696
474
384
172
722
953
925
576
176
655
683
634
288
338
923
54
614
156
692
192
593
543
582
684
521
843
241
170
497
888
310
584
554
697
946
220
8
570
364
926
845
602
5
496
296
107
299
367
66
734
46
716
274
680
555
263
334
384
711
580
811
837
897
962
472
519
278
423
617
722
675
712
33
762
856
867
1005
384
531
713
350
738
949
520
939
808
133
760
43
885
839
361
91
714
339
25
35
170
684
195
380
508
571
680
16
812
761
663
745
819
349
443
489
770
343
500
435
878
756
26
537
676
678
840
162
352
690
126
432
332
862
340
892
913
304
247
160
227
359
923
25
815
428
497
193
620
26
546
749
735
718
351
434
261
842
1002
968
968
413
19
145
242
162
749
520
64
738
976
891
891
219
268
661
764
603
951
563
773
640
962
620
636
83
794
36
220
916
231
753
455
61
631
487
665
385
181
276
319
446
553
345
132
707
174
110
698
963
254
876
679
582
284
424
211
556
191
637
284
563
896
540
217
16
940
600
446
48
63
668
543
773
76
73
276
217
336
216
284
255
907
54
244
354
824
197
797
209
127
331
950
875
353
357
662
761
506
695
899
521
975
144
377
472
539
820
72
353
613
413
504
428
277
650
947
209
755
948
291
390
773
765
275
185
926
566
773
586
386
246
500
767
930
659
653
394
996
715
468
222
24
921
691
732
721
818
771
354
920
198
467
106
654
862
942
908
312
333
149
457
304
777
61
1002
675
494
264
844
255
338
409
869
162
139
669
741
782
386
555
568
97
338
613
437
479
860
186
852
741
365
486
311
362
441
997
1007
66
471
200
396
197
179
479
434
695
433
678
616
295
718
623
845
668
735
362
283
88
131
115
187
264
388
354
968
220
699
494
858
116
372
172
879
806
377
37
179
279
535
386
132
238
219
197
517
558
509
17
680
638
775
826
125
13
956
55
819
37
933
203
236
245
678
603
980
183
479
567
607
602
686
456
134
45
379
653
874
693
636
456
70
989
80
130
170
787
642
787
288
203
80
768
15
625
257
715
578
154
535
993
33
452
898
929
44
613
725
17
374
148
971
368
745
656
543
18
271
652
12
911
543
567
429
762
276
30
941
558
790
943
817
358
227
152
263
153
605
395
724
628
421
731
872
823
612
670
564
177
704
795
467
62
797
792
833
77
566
939
500
495
552
518
930
143
38
657
909
1001
947
938
157
797
225
369
545
840
233
471
738
545
560
976
310
320
751
136
889
720
92
689
497
167
188
398
125
604
499
760
853
334
123
710
297
889
366
345
823
708
620
684
986
418
646
838
658
516
376
60
237
898
90
587
18
907
159
111
97
574
362
551
335
720
895
497
311
543
192
160
700
1005
86
1007
410
672
87
592
830
850
26
282
825
714
290
765
895
48
636
9
666
571
595
372
220
287
734
387
281
838
257
678
110
106
401
414
786
459
850
735
454
261
510
545
467
616
821
567
688
261
946
876
68
215
711
953
315
408
0
639
462
241
547
319
27
515
970
219
752
353
751
974
921
391
883
455
499
255
95
380
672
385
557
462
765
907
55
880
850
985
115
716
400
3
89
548
420
430
158
234
865
806
233
131
446
726
158
657
520
512
667
883
784
389
333
194
755
556
420
985
767
825
586
423
486
544
797
829
261
139
473
651
810
169
163
920
966
514
497
334
546
287
358
989
251
938
116
866
842
239
920
892
98
694
105
784
311
915
229
642
760
381
468
974
565
747
358
581
956
380
164
10
278
769
472
557
33
737
687
295
782
275
180
981
944
981
431
92
252
740
913
196
230
220
213
715
108
130
883
880
465
245
136
858
280
57
565
12
302
274
522
912
463
781
145
717
511
541
686
484
517
114
658
437
579
693
161
577
203
713
775
15
871
357
677
572
164
481
910
322
949
524
91
376
990
341
77
841
213
350
889
860
305
282
446
813
382
917
850
646
299
37
342
640
679
808
200
772
254
729
941
401
445
471
250
37
298
619
845
525
772
784
90
944
320
387
858
169
655
277
805
140
418
818
123
776
790
98
758
929
505
240
390
577
9
303
53
237
812
942
897
24
40
1002
19
910
294
604
596
262
175
698
41
184
455
194
41
107
175
299
231
647
771
954
990
501
86
47
190
559
671
537
573
389
874
501
995
747
536
726
342
55
330
377
337
602
182
300
1000
921
48
990
676
120
141
933
193
950
290
751
283
511
418
122
884
595
942
281
262
954
383
704
159
119
557
650
708
319
216
36
933
921
949
801
663
84
337
72
308
631
248
690
456
506
625
758
649
51
406
436
816
297
28
988
978
972
633
292
159
824
667
689
320
128
735
718
921
874
561
867
746
372
981
164
379
138
158
345
104
51
160
70
770
123
818
939
590
810
692
537
574
831
573
91
798
835
349
759
850
210
753
89
887
283
24
634
845
57
1002
426
76
4
488
944
586
924
470
60
660
614
154
564
52
83
896
239
25
48
505
528
42
500
507
264
877
647
901
963
241
420
337
830
191
285
745
962
313
629
879
667
449
428
159
501
289
997
686
434
372
483
336
351
156
390
484
208
444
699
149
416
457
460
755
923
481
528
80
670
566
762
202
621
545
509
600
437
651
430
562
397
435
162
672
549
142
775
632
131
870
504
847
232
158
135
68
573
614
546
508
780
813
659
113
298
958
963
624
496
173
676
407
214
445
53
308
971
293
377
867
720
498
789
666
81
629
732
1003
412
142
790
383
678
847
878
665
668
633
260
622
240
791
74
691
654
139
804
130
169
324
47
228
741
476
834
90
856
244
493
979
107
851
773
927
364
510
255
761
677
96
480
1007
246
998
179
474
698
197
659
338
466
85
535
67
219
679
608
503
341
312
191
753
525
908
1008
311
284
266
738
843
500
150
488
10
666
121
606
438
248
97
447
314
246
756
342
280
77
883
348
945
316
113
39
982
314
654
328
688
319
414
298
787
752
379
249
512
664
450
3
576
280
1007
672
340
102
99
167
335
987
712
338
356
657
737
1008
916
494
800
999
620
72
692
855
782
264
54
383
236
309
522
873
122
811
222
640
483
488
338
998
338
665
914
219
329
607
677
518
805
82
493
526
840
191
609
347
372
259
109
682
893
889
562
905
597
584
864
776
1003
393
851
414
917
47
886
769
313
603
309
924
1
530
967
184
523
15
869
164
99
678
665
370
300
791
890
510
385
588
183
929
1007
766
519
375
351
122
364
89
729
344
448
492
437
609
531
452
245
674
543
378
127
524
419
427
51
298
171
332
418
496
86
405
971
971
275
353
681
886
594
930
517
381
392
739
802
26
23
64
221
341
799
211
6
921
106
696
887
229
647
778
457
147
854
561
705
717
800
699
598
913
196
728
965
919
777
849
124
74
86
149
527
809
166
533
387
294
141
268
255
302
995
673
44
150
112
364
396
866
102
115
395
887
155
932
909
521
856
933
846
832
974
543
333
106
531
116
598
892
37
969
950
973
918
822
766
740
174
355
789
150
508
896
709
548
234
493
893
101
39
96
648
757
547
433
717
466
121
490
950
368
869
1008
205
274
509
848
839
106
251
862
481
430
268
657
578
57
404
504
708
582
471
974
293
827
472
487
222
563
857
836
447
524
22
178
194
774
151
418
781
57
65
410
468
881
940
529
10
53
656
943
585
42
992
217
701
192
901
1006
678
602
199
332
482
15
223
198
122
394
557
878
569
14
644
348
381
191
144
699
545
155
440
307
521
976
805
254
805
888
193
553
170
361
563
621
359
440
207
534
979
245
548
242
962
788
95
241
923
177
802
988
616
499
344
168
201
595
818
676
956
416
924
1003
687
739
645
504
254
632
223
455
284
178
339
256
345
262
511
984
56
24
874
283
573
647
205
744
602
696
44
843
365
442
724
584
749
445
609
626
529
472
207
155
372
674
685
434
13
41
467
620
947
316
29
1003
609
723
497
701
592
746
924
761
608
405
402
159
160
818
125
387
795
423
515
874
337
350
10
148
706
811
836
281
795
587
382
456
530
584
674
531
915
736
753
697
249
431
169
764
613
818
790
576
999
661
985
983
293
39
592
1007
446
202
62
269
190
675
996
967
885
256
794
623
494
769
284
442
780
940
719
335
615
348
165
865
69
495
97
332
129
472
552
412
844
866
730
887
477
225
161
330
508
890
28
271
294
468
383
732
129
540
871
862
875
923
295
452
166
265
360
277
646
317
393
447
830
958
721
451
258
571
127
989
774
803
151
282
819
419
544
663
652
872
943
219
392
679
679
286
39
195
536
521
519
12
874
373
319
873
227
480
742
861
312
482
44
843
873
361
261
468
848
82
970
488
547
479
852
785
701
154
494
220
668
411
242
55
443
648
1004
561
275
238
484
644
549
656
360
374
853
959
180
432
478
821
203
104
846
980
609
146
478
410
914
458
732
590
72
42
915
671
408
657
715
341
896
31
180
817
354
787
638
884
574
873
876
804
240
946
428
347
213
178
756
906
134
614
578
267
1000
85
247
915
654
860
511
821
376
512
159
953
482
392
191
136
465
366
223
108
791
3
296
945
856
279
145
174
929
885
414
905
313
937
32
354
358
138
318
884
769
179
174
33
385
905
287
729
222
142
573
463
439
440
397
519
740
910
801
471
933
788
5
333
1002
401
893
361
605
524
247
188
787
116
64
474
886
939
829
527
385
380
256
310
733
360
599
901
525
213
796
177
470
964
297
619
239
69
662
570
401
317
352
106
328
490
734
65
272
558
985
304
455
507
247
208
1
276
32
943
305
430
228
259
258
425
730
182
575
795
980
574
416
433
854
216
32
929
55
714
360
215
941
272
71
816
550
188
265
460
279
822
449
113
1007
452
293
43
186
524
735
324
94
823
520
1002
981
938
716
929
151
223
1004
116
421
687
700
334
205
976
80
606
147
380
20
442
168
957
891
66
488
131
600
175
161
356
816
575
755
586
999
339
795
719
593
322
504
51
951
982
218
439
255
987
978
793
1003
77
974
737
463
77
487
205
753
877
539
926
880
643
403
276
710
263
801
976
681
581
222
499
230
614
239
888
841
59
915
420
408
160
355
910
101
848
693
214
240
886
330
379
92
55
296
95
314
340
885
984
48
145
314
621
994
653
36
963
692
155
1007
29
295
252
266
750
866
835
347
227
307
139
134
562
462
569
875
399
365
524
709
74
130
475
925
132
558
948
150
252
915
377
895
195
307
306
767
340
57
562
553
967
195
231
46
842
280
320
173
249
393
419
336
643
501
168
864
810
602
974
35
741
56
302
899
550
684
782
462
500
49
179
458
26
24
381
681
334
730
123
797
606
391
18
58
783
133
86
654
741
944
711
527
495
14
644
624
809
518
909
479
912
108
247
660
563
219
261
624
945
414
678
972
553
344
537
464
324
110
534
247
906
535
808
360
744
841
652
196
177
888
881
604
75
948
504
215
997
831
800
840
592
882
687
848
603
933
81
787
841
16
37
531
931
508
814
902
813
749
497
601
470
279
439
344
768
95
840
238
225
319
196
77
95
356
588
945
118
679
564
887
762
60
53
515
856
75
81
594
502
642
848
146
457
899
517
982
746
231
360
800
451
833
86
186
815
376
409
1007
939
144
459
477
33
972
892
292
194
458
728
944
858
817
585
875
450
632
882
873
178
39
963
1003
309
957
580
490
125
905
12
0
368
791
437
386
893
317
838
886
277
37
128
902
283
354
113
78
143
107
395
711
689
41
854
428
415
179
385
992
735
303
272
597
549
130
742
851
665
258
617
6
365
806
903
220
699
592
492
74
10
999
847
776
964
640
504
103
469
175
87
434
104
451
37
326
867
119
258
767
221
872
594
967
802
512
703
690
795
448
889
61
371
480
403
608
408
337
18
737
471
587
121
733
139
349
806
149
388
379
363
1000
661
155
350
151
500
614
216
116
513
557
64
246
617
988
677
302
5
735
557
937
616
508
959
283
536
791
474
21
670
561
553
550
289
559
9
822
694
952
922
794
907
260
448
720
750
62
496
600
572
405
191
992
991
329
182
763
716
125
121
398
179
14
698
5
683
641
427
128
456
34
440
850
512
695
255
949
140
480
884
825
488
164
42
839
549
866
112
653
290
171
521
881
310
304
566
185
883
526
50
434
115
219
966
17
732
44
616
60
917
842
122
615
272
106
331
465
221
397
193
555
261
205
292
390
687
792
201
387
604
96
761
840
155
585
174
89
287
769
141
17
896
79
299
396
268
534
661
784
507
306
277
235
700
694
117
916
327
618
255
131
535
515
235
744
195
663
799
446
701
87
817
820
391
205
670
423
9
31
785
756
887
225
627
360
756
87
767
237
186
415
596
750
681
194
71
846
24
867
119
396
471
441
824
808
90
86
383
349
894
357
765
170
135
667
199
772
508
395
184
152
334
970
393
362
901
595
389
893
886
827
62
620
959
775
696
901
333
89
612
184
856
449
860
62
397
546
436
388
583
505
430
194
113
292
871
585
251
277
749
223
439
70
309
615
732
915
572
511
845
111
844
889
588
134
103
889
773
984
634
205
939
680
541
181
544
431
602
814
93
113
199
405
72
892
858
495
92
497
500
863
92
313
79
568
420
877
737
505
539
90
903
541
100
427
616
358
179
596
796
494
332
359
53
339
987
853
691
220
6
668
982
0
977
280
570
675
214
1004
404
921
983
89
877
110
54
72
705
600
97
267
321
539
438
163
623
637
395
6
624
633
226
335
720
644
711
497
388
233
486
242
260
111
882
107
833
644
332
720
847
542
257
924
788
182
650
796
816
585
941
20
410
299
646
853
694
637
99
491
201
442
787
261
558
917
191
73
582
726
188
537
336
858
15
338
529
767
519
732
141
495
17
121
235
135
676
225
789
204
286
419
503
788
861
136
816
413
756
723
446
0
502
