443
1014
498
231
519
413
672
624
763
713
211
954
170
238
980
334
395
478
696
313
502
403
192
344
55
112
587
489
343
389
449
349
684
781
790
277
633
747
399
637
568
397
764
328
495
21
604
390
590
111
934
239
249
737
221
754
473
785
86
723
307
988
819
352
23
339
823
33
758
22
398
474
442
791
795
554
752
937
159
922
598
324
400
84
578
329
547
446
155
1004
526
269
242
711
559
438
89
591
854
932
138
614
749
909
670
1019
355
606
150
940
783
998
964
129
282
265
236
271
369
241
460
402
557
534
678
645
601
298
464
733
654
251
120
1017
435
52
867
944
415
381
594
816
183
136
759
687
770
280
166
982
480
483
536
380
213
641
843
883
482
845
310
476
420
522
228
104
692
237
814
26
11
13
946
897
142
662
762
510
466
694
989
597
47
704
179
945
408
421
406
910
229
7
417
625
585
261
124
855
888
581
357
394
656
540
765
187
542
260
365
703
320
513
509
649
458
19
182
679
107
386
952
234
98
452
663
287
109
926
545
377
290
994
622
766
25
827
632
813
279
760
862
314
38
634
683
500
677
146
929
1000
291
787
714
218
479
208
865
539
571
680
824
103
64
185
850
563
233
333
492
612
780
810
264
923
90
275
886
567
450
537
884
558
786
338
697
825
603
928
200
863
885
186
140
546
358
593
961
387
708
393
878
248
433
834
664
43
262
941
375
797
44
903
659
738
927
901
774
635
829
665
302
481
575
613
81
289
565
30
668
496
337
368
631
35
141
135
147
756
569
253
485
336
552
206
835
148
134
72
906
70
528
1020
462
761
76
724
661
895
263
712
252
318
58
991
123
10
617
771
322
709
710
805
301
841
943
736
268
735
409
353
432
856
707
315
848
145
963
523
204
544
983
690
576
822
5
806
215
37
913
716
34
538
404
830
80
746
833
378
335
505
702
137
71
693
469
196
431
430
840
83
730
987
686
562
933
490
720
921
61
451
459
794
870
467
171
984
341
734
731
1008
297
205
1
376
267
685
869
418
87
938
891
191
345
154
871
992
531
520
60
618
20
718
801
543
530
595
861
488
877
158
113
549
925
174
820
842
220
962
836
32
1005
294
422
626
153
115
605
769
106
195
971
224
100
1009
212
311
924
898
979
39
551
323
832
725
173
996
340
14
447
455
305
630
990
491
281
955
902
700
828
701
371
740
497
535
108
851
419
602
445
177
706
232
325
92
292
16
957
858
798
561
278
650
144
705
79
620
675
222
507
503
284
342
493
410
164
28
911
101
472
303
117
935
304
125
894
777
652
286
272
463
448
995
521
879
1015
532
874
240
132
105
405
698
956
767
175
772
24
973
644
959
440
802
82
958
969
149
436
97
40
74
347
152
915
362
681
732
628
859
27
873
114
2
306
216
636
744
274
160
860
572
881
908
484
608
555
227
69
41
931
1007
788
753
165
639
803
669
508
892
993
477
722
975
949
916
775
728
131
726
748
139
1011
743
688
699
589
621
426
77
207
176
525
317
50
1013
407
424
471
960
986
256
912
882
550
948
611
556
691
619
348
647
198
918
385
441
643
359
468
9
999
178
0
919
45
189
651
499
461
847
739
831
889
66
1003
1001
501
657
470
437
907
56
904
527
623
784
586
920
976
742
511
887
596
354
755
872
364
541
837
516
156
193
172
592
514
209
411
809
401
849
356
8
890
428
1021
978
997
826
73
875
63
808
475
506
778
246
300
429
751
793
454
815
414
674
607
190
128
119
548
434
6
201
309
974
658
776
367
181
653
967
453
295
864
412
972
648
210
96
667
1016
91
17
423
235
900
750
573
350
416
839
65
102
846
838
727
1012
582
796
116
330
580
439
642
373
616
319
396
914
163
812
53
773
223
68
427
1010
588
391
486
12
745
811
366
254
853
524
821
640
259
326
169
167
214
118
610
143
346
122
799
779
671
288
4
950
331
327
57
456
655
188
800
42
245
942
180
230
570
270
660
494
372
332
258
151
985
425
383
18
719
255
99
184
487
852
600
1002
225
29
792
382
968
51
351
78
673
947
564
266
202
804
905
285
579
85
515
646
715
88
15
226
936
49
789
566
893
321
629
276
857
676
3
817
533
194
299
384
512
36
1018
54
94
866
599
162
517
807
638
168
577
844
31
110
574
689
682
243
666
465
361
457
121
917
130
133
197
283
1006
818
876
308
717
951
721
392
62
553
965
609
93
273
247
48
157
1023
741
1022
729
250
126
244
896
953
374
59
199
95
360
768
981
257
930
370
379
695
127
296
161
46
966
560
219
782
529
583
880
293
363
504
67
615
388
970
203
757
444
584
868
217
75
312
899
316
518
977
939
627
