627
30
734
261
728
104
296
553
774
50
257
819
348
240
446
329
949
574
434
88
96
74
596
136
386
627
860
731
208
793
177
591
467
449
475
210
262
400
1008
996
394
568
524
497
384
607
686
870
769
501
190
794
1008
628
174
716
899
820
423
822
696
857
894
906
163
978
758
647
257
656
564
351
782
186
1008
638
157
311
180
754
635
684
324
241
813
264
966
261
475
278
986
417
889
516
998
123
815
536
855
283
585
777
454
185
24
857
1002
851
966
812
87
680
739
693
948
929
813
447
394
303
914
1000
688
621
609
997
22
498
369
202
250
873
534
976
524
246
949
278
557
256
333
2
414
776
759
121
462
899
34
879
756
457
398
551
978
953
614
714
1010
201
596
101
430
363
465
798
134
347
1002
15
1013
776
621
621
60
672
568
163
494
938
368
53
1015
177
199
66
115
115
962
411
245
246
630
185
813
449
327
825
172
601
552
738
827
917
330
484
924
625
43
144
117
854
644
798
990
159
382
678
671
825
714
616
754
439
111
296
606
407
681
396
319
519
453
461
528
1021
301
875
214
95
551
736
355
708
635
816
4
810
375
110
805
773
529
110
947
209
160
31
958
217
586
56
244
572
635
382
923
24
771
844
134
443
415
74
8
326
120
511
754
359
824
214
547
947
457
8
905
734
637
952
738
181
36
22
132
560
230
411
185
626
38
455
642
988
249
667
742
698
726
928
485
281
77
339
65
86
621
668
179
697
359
408
812
640
290
302
33
440
779
247
582
841
354
182
381
210
222
1007
423
589
779
542
695
116
141
617
642
357
168
121
944
496
769
3
916
225
554
927
597
24
733
386
776
100
70
39
138
554
23
24
841
153
89
606
37
635
100
307
711
186
136
675
629
90
265
538
932
343
750
769
568
99
206
488
823
958
180
995
125
963
1004
574
607
785
831
120
645
488
39
925
743
357
495
674
132
179
191
344
909
18
640
568
791
371
96
745
950
766
181
1010
829
189
769
178
383
709
945
387
724
174
607
341
123
341
76
563
489
85
448
573
356
29
939
439
888
884
181
607
740
463
147
524
747
117
194
241
464
116
16
214
562
530
807
874
834
720
917
250
795
0
630
555
390
482
785
573
386
257
812
510
282
256
313
514
764
414
839
481
444
1022
747
699
955
332
642
167
44
966
135
548
959
955
1021
127
27
508
261
516
717
474
509
964
708
130
719
793
297
358
453
575
457
284
383
669
709
715
955
158
780
242
553
1018
594
960
919
214
445
608
310
610
402
296
216
540
554
562
420
90
78
176
385
320
404
885
255
670
905
516
970
868
237
723
659
878
694
139
926
139
329
983
534
995
319
348
397
445
718
891
852
469
806
362
832
872
751
4
155
682
37
469
184
9
263
632
251
404
416
1001
510
356
207
469
514
718
119
920
688
815
126
973
570
217
238
490
842
401
289
467
597
253
9
382
10
954
604
27
768
281
752
303
558
890
932
661
56
555
614
183
588
531
1019
484
281
289
494
105
477
49
598
7
138
541
970
49
561
927
1020
410
836
421
230
632
175
80
926
409
902
813
393
482
654
22
847
490
284
241
478
145
567
195
287
839
593
578
848
305
254
875
482
700
828
823
576
251
532
286
883
624
200
802
468
697
638
408
964
608
4
556
572
281
539
882
41
109
143
568
114
646
789
669
129
332
593
880
318
628
903
593
51
476
800
455
56
791
180
525
890
494
174
604
632
890
980
755
526
662
475
441
1006
71
618
632
241
775
60
726
384
420
726
576
1012
834
1013
535
401
606
536
523
168
1011
978
937
13
954
204
148
842
634
794
302
716
630
961
687
952
867
171
10
722
996
1023
278
921
116
189
913
761
613
673
271
125
504
774
207
125
580
663
633
87
293
745
240
544
882
302
706
72
806
550
756
731
453
586
1003
444
463
129
494
384
1006
540
251
937
1008
8
511
813
473
139
537
494
1016
456
1017
815
253
414
531
782
973
573
474
935
209
731
276
196
169
809
328
830
694
753
315
640
333
588
179
296
917
988
229
359
7
263
5
511
465
866
173
52
208
247
632
291
85
723
940
534
535
145
189
985
793
243
944
718
233
208
129
201
774
54
291
836
710
629
303
69
466
955
704
254
180
387
259
880
834
747
70
111
4
341
385
609
841
559
315
330
453
556
725
832
88
737
264
470
523
734
764
693
712
367
205
463
1010
561
804
34
296
667
221
868
671
882
96
663
534
963
14
167
664
239
934
516
662
614
501
530
356
318
218
704
957
97
652
722
945
430
227
96
57
192
498
510
26
158
960
920
337
178
421
80
569
569
287
548
1019
185
504
129
710
194
23
683
222
39
641
323
602
896
394
488
619
969
739
644
191
102
9
487
445
200
634
200
721
162
56
897
606
488
376
88
131
908
329
525
508
942
76
866
1014
462
638
249
940
870
879
351
345
24
141
740
661
373
358
937
495
344
73
483
426
330
791
691
677
54
808
184
411
988
929
264
106
612
514
286
802
444
120
300
495
615
730
924
679
691
191
334
872
399
908
507
624
823
966
1010
397
31
229
509
665
818
512
730
382
254
1020
735
393
540
492
490
727
217
649
262
261
495
801
537
264
554
660
71
652
322
275
319
1012
121
488
600
612
126
283
554
703
219
671
86
674
833
1006
335
534
245
889
927
839
249
498
354
292
941
185
979
473
758
934
52
564
23
268
383
457
643
1009
884
309
906
281
680
943
781
304
579
798
829
131
107
865
751
919
11
492
116
889
745
257
278
1009
678
240
11
330
727
599
688
158
389
228
777
548
607
272
465
119
378
724
479
162
350
782
309
859
180
937
809
713
926
91
357
793
146
258
249
476
587
590
214
220
832
556
280
155
174
234
782
868
314
503
309
140
800
719
624
270
918
952
902
96
579
222
242
527
565
720
825
976
903
300
482
829
522
247
480
1015
914
225
455
99
570
975
6
704
577
639
381
596
0
616
850
1008
956
301
735
220
60
738
955
786
406
715
924
788
733
959
977
712
733
241
589
470
943
826
393
13
451
377
631
944
381
424
424
600
444
174
442
39
38
472
935
228
235
781
874
276
1019
95
717
282
35
336
919
110
120
5
815
641
279
83
954
819
658
647
641
451
740
698
335
746
704
431
206
472
450
40
535
678
324
198
142
216
905
359
533
701
879
667
42
220
882
557
235
757
815
906
129
199
192
999
769
601
709
605
212
297
239
376
670
491
307
370
91
539
888
482
526
1020
221
16
196
105
651
915
516
301
189
468
774
616
439
856
683
518
427
959
293
925
270
238
504
127
127
963
1018
367
313
977
895
0
790
115
880
849
702
247
105
9
459
804
639
290
204
559
510
556
138
731
425
975
532
278
493
736
608
550
994
527
113
734
384
615
51
382
419
359
657
695
1017
825
872
683
264
721
338
777
108
572
813
116
63
491
329
418
240
660
882
11
192
526
895
151
813
761
755
914
622
347
923
192
549
299
540
680
322
930
127
917
395
404
834
763
764
236
930
157
244
261
328
955
45
640
705
716
13
316
195
787
227
111
728
959
277
507
135
234
376
490
734
568
9
106
437
453
814
826
129
545
849
259
150
1014
693
392
193
770
519
316
740
9
51
661
594
489
190
536
415
25
259
248
943
461
794
758
41
933
799
207
730
172
926
267
10
876
288
104
314
244
722
902
186
544
926
264
574
341
14
672
158
986
499
214
32
372
110
193
150
717
163
195
696
1
930
56
447
10
763
890
273
565
750
602
316
759
23
344
880
490
21
364
129
448
255
259
117
626
173
563
270
11
613
85
296
166
566
999
349
24
104
548
289
215
35
526
393
199
443
742
317
229
812
718
322
284
432
29
266
558
116
589
421
855
502
348
141
492
827
21
216
811
305
190
506
816
378
679
673
856
770
215
186
1006
557
778
161
917
221
644
322
572
981
674
631
949
171
572
848
145
646
112
466
240
799
616
635
687
711
164
67
336
951
636
864
448
416
382
157
153
867
487
592
122
606
887
989
108
303
324
759
1018
988
21
424
965
407
222
851
966
430
768
749
977
439
45
794
622
253
895
399
425
797
978
1006
324
420
543
699
400
997
383
420
1012
490
525
535
295
119
51
356
233
559
100
769
624
364
661
431
306
480
234
489
363
44
297
242
450
78
908
765
480
11
768
1007
277
582
114
147
506
57
141
270
671
182
399
784
379
26
630
404
467
334
104
403
924
120
148
457
60
938
268
554
1017
929
160
304
430
111
84
564
155
351
969
90
679
943
758
836
152
477
738
548
932
251
362
759
973
893
484
724
142
448
324
44
221
14
299
33
334
471
71
598
720
280
283
523
51
670
911
1010
947
381
994
310
15
656
469
934
255
83
110
173
685
494
854
42
460
405
519
495
219
233
944
463
388
308
161
914
824
185
729
337
68
1019
919
28
698
762
354
683
6
3
595
75
315
515
579
919
883
899
332
419
320
286
187
207
93
339
231
1000
201
266
18
593
230
486
971
518
315
952
178
633
714
542
703
270
567
484
633
344
111
806
338
508
685
522
778
363
800
865
97
328
662
529
164
153
325
115
507
453
105
50
541
130
599
401
289
686
953
944
927
789
290
905
942
928
619
887
286
186
754
335
216
978
880
751
966
933
93
89
971
246
308
273
553
114
451
966
845
268
713
618
136
684
736
1008
426
446
328
127
616
171
354
528
718
783
744
13
334
274
783
115
509
657
796
927
444
270
1000
5
159
1001
583
295
871
454
107
797
47
777
144
935
23
113
847
993
720
87
513
335
444
1023
267
545
974
726
567
799
5
177
496
280
2
130
995
191
46
405
453
338
284
287
929
518
662
404
413
460
706
34
758
967
369
416
520
372
206
680
717
574
530
890
182
822
763
781
306
515
807
178
344
800
28
76
14
877
449
943
453
631
287
53
534
237
295
235
346
792
810
66
130
625
542
270
767
45
923
538
719
634
441
288
113
755
232
442
602
395
458
200
48
560
36
183
430
347
399
880
466
517
110
855
801
871
144
11
638
985
881
479
915
408
875
113
268
868
256
511
322
35
724
82
622
577
765
555
782
268
42
336
1016
754
691
659
748
122
182
282
438
722
353
348
482
135
278
20
762
79
729
526
416
58
327
719
824
906
729
589
670
800
855
604
153
912
72
130
649
546
806
929
170
363
130
878
265
616
72
964
594
175
125
146
224
82
203
25
595
602
506
464
262
803
916
595
420
900
973
468
131
367
995
546
609
239
476
448
179
798
225
23
320
828
926
426
7
927
7
593
568
395
697
258
879
475
1004
587
864
296
707
788
603
900
553
53
320
285
810
927
117
669
734
826
804
971
287
772
338
589
774
872
411
751
120
345
211
918
938
310
1016
15
137
943
813
795
1011
45
58
1012
135
699
352
699
607
459
766
888
533
612
614
188
602
860
709
746
138
476
613
512
808
402
849
845
985
113
1008
518
823
606
718
440
787
960
956
389
987
467
829
395
50
141
278
971
239
263
698
363
281
116
263
885
491
569
318
390
176
861
832
186
720
3
478
832
649
216
707
538
652
496
210
812
940
648
185
34
656
930
571
528
1006
546
476
486
992
86
4
186
171
744
707
477
288
976
855
137
972
24
128
519
776
666
933
978
150
855
537
638
292
739
666
415
828
21
999
814
983
126
306
987
991
670
33
980
614
548
689
394
613
963
950
299
26
906
592
123
428
8
1014
776
667
957
96
703
602
936
194
257
301
237
720
40
23
803
908
600
198
733
62
843
763
636
480
540
964
847
829
931
660
41
534
427
405
976
458
1004
108
837
618
586
687
742
730
69
153
929
483
530
7
724
338
840
179
345
841
273
634
763
266
6
916
171
241
362
692
364
792
189
780
548
24
28
172
314
792
798
76
660
94
51
772
760
824
781
917
473
816
845
656
0
76
33
182
794
1007
198
173
586
686
102
729
248
56
35
63
498
841
137
94
1020
991
24
209
788
772
541
468
446
518
278
477
551
160
120
619
837
54
283
259
727
783
894
3
378
364
658
456
280
920
435
349
751
452
241
916
562
51
29
532
716
956
38
913
944
783
673
406
323
528
779
889
53
166
776
201
729
165
416
159
682
372
838
190
152
88
354
787
678
30
317
163
107
41
168
62
405
972
783
278
481
741
484
575
719
358
712
1003
272
598
132
505
433
176
861
220
658
218
825
243
958
72
752
422
302
897
691
535
499
320
938
698
878
454
19
199
927
63
210
272
285
174
1007
253
630
764
313
366
680
273
280
177
784
373
729
562
575
223
590
866
658
622
290
431
243
145
663
856
527
611
98
285
32
247
534
529
485
946
182
617
508
627
45
326
882
420
524
616
681
234
1013
286
405
681
264
99
456
930
371
336
129
97
505
133
855
503
56
860
6
503
907
863
401
237
1001
650
919
716
646
631
144
644
932
992
589
156
686
982
910
542
814
26
381
281
698
394
775
373
935
120
936
816
584
331
570
813
447
63
584
121
241
153
580
914
98
218
51
685
202
614
147
208
334
219
895
120
270
117
579
710
91
861
299
966
792
211
485
655
739
220
585
572
167
518
317
988
597
293
510
684
476
8
144
410
991
721
364
24
140
954
407
119
775
122
615
72
81
769
91
147
528
514
989
231
0
208
249
1017
342
307
741
728
342
510
469
377
501
99
425
932
804
538
667
772
170
5
450
217
183
620
334
1009
848
171
500
168
728
196
959
597
526
634
1
576
908
1014
212
798
313
238
474
795
399
182
614
678
436
643
611
242
915
730
479
824
967
778
244
493
359
301
836
72
912
339
982
617
616
165
12
28
633
314
318
228
255
784
232
565
669
636
908
384
643
332
893
774
904
547
302
805
339
412
823
321
894
264
508
88
220
981
611
680
314
175
949
435
28
775
804
290
17
363
279
844
791
651
554
468
871
271
757
337
777
916
946
521
684
35
238
738
802
996
474
493
77
305
874
70
313
710
594
634
144
474
789
954
552
544
36
851
210
1023
596
361
347
822
390
532
76
733
1021
91
436
185
168
761
362
960
795
757
983
676
484
776
416
185
662
485
762
961
243
354
429
233
113
147
355
220
630
233
409
470
874
403
275
557
699
52
468
954
778
274
874
250
624
136
632
997
400
511
36
313
477
145
566
1007
139
309
166
424
852
415
14
752
157
37
75
998
412
373
499
738
662
549
346
491
887
1002
568
997
1006
272
52
695
438
575
741
375
674
724
893
265
504
623
22
619
134
550
63
171
181
678
515
15
108
244
85
295
540
172
927
731
959
779
26
929
544
582
89
1017
448
713
453
304
297
594
583
554
543
276
436
806
1020
763
441
658
870
102
729
917
691
843
68
675
650
299
352
460
36
576
836
898
1001
969
972
127
99
703
292
308
789
559
39
540
773
707
246
86
525
49
781
768
832
194
347
51
459
690
531
306
565
96
601
228
426
583
396
485
381
882
347
358
146
533
867
541
628
453
886
170
698
871
465
426
204
289
1013
545
142
495
135
535
405
984
67
676
851
929
542
565
573
594
650
344
555
441
471
674
469
54
394
455
607
716
800
992
427
822
712
103
45
933
203
934
289
218
926
406
460
553
381
109
965
349
650
121
243
688
442
161
983
67
977
776
1013
267
429
374
671
845
895
850
572
700
491
252
890
557
756
812
279
1018
642
751
496
183
321
858
181
206
745
153
747
558
1014
464
647
694
962
322
224
767
386
946
395
583
247
687
667
593
701
895
626
681
815
947
135
706
747
565
331
792
911
523
75
252
117
818
1005
30
880
129
776
26
82
559
86
997
969
706
716
572
865
260
26
455
307
364
98
77
760
927
545
522
401
622
859
446
353
59
543
765
1009
54
742
155
860
989
408
113
402
270
764
934
328
1019
185
561
185
924
618
734
353
371
469
308
696
400
891
871
47
766
304
506
607
638
559
443
340
510
892
257
810
550
125
239
223
915
110
65
893
931
641
771
135
496
1021
549
423
371
564
313
130
592
1013
1014
930
467
26
16
281
765
249
582
291
676
44
150
174
696
392
708
538
187
73
191
406
783
792
688
399
916
970
457
2
564
320
313
426
70
475
710
532
663
142
52
422
244
748
576
873
677
722
210
427
241
983
16
361
515
150
129
685
433
54
142
816
767
975
106
488
176
3
996
550
828
547
0
8
906
921
861
14
282
407
111
929
262
65
890
1014
246
272
8
385
1020
641
17
323
306
725
353
786
973
708
946
780
679
526
635
48
406
80
339
507
81
310
6
492
337
537
693
56
251
667
181
730
706
131
678
260
2
298
967
31
855
796
287
340
926
828
183
955
34
292
847
789
673
621
181
344
396
964
873
676
551
840
146
659
394
260
955
179
151
289
913
662
271
736
340
721
760
639
256
736
430
561
404
489
985
57
880
62
404
442
506
32
1009
445
286
804
419
585
960
748
1
765
329
531
953
428
68
656
452
254
563
801
563
790
118
469
589
99
760
875
296
169
110
888
950
511
913
1004
555
765
162
659
480
15
45
793
16
185
94
84
692
969
862
440
425
466
211
824
405
429
160
855
143
890
359
863
889
82
614
70
904
894
210
964
442
118
37
808
934
916
846
409
177
660
442
974
759
777
48
413
260
419
494
916
58
829
297
752
726
73
574
349
82
403
745
963
274
387
394
15
968
955
470
533
170
918
757
625
342
422
609
503
978
20
266
652
343
760
706
695
36
499
23
202
437
133
991
499
35
705
191
137
575
287
178
448
146
643
471
81
562
996
713
723
247
553
518
895
344
342
824
52
984
813
726
494
327
920
463
981
862
926
928
31
542
390
154
608
405
183
818
834
374
960
814
154
189
805
757
190
624
579
209
494
8
798
549
22
591
235
345
513
913
961
715
73
621
213
852
665
896
127
301
892
587
195
541
973
518
198
218
56
771
610
115
517
566
458
168
866
130
699
912
45
711
1018
178
213
217
62
985
130
862
387
736
680
598
322
743
848
324
331
873
62
520
620
784
323
322
473
893
623
563
269
639
560
988
474
134
402
595
587
910
442
838
88
578
170
348
236
304
171
806
288
410
659
609
118
299
187
405
629
287
707
1018
439
578
19
708
1009
763
833
921
476
658
774
354
824
627
51
868
721
528
94
251
551
280
954
807
276
626
996
382
850
397
516
969
208
180
791
901
172
728
457
967
500
290
369
37
468
76
272
840
191
205
46
198
690
633
144
746
613
870
317
968
218
467
489
383
903
432
465
487
474
864
426
711
129
13
749
441
603
852
586
958
518
292
376
773
528
82
35
998
768
798
880
635
636
216
249
734
850
484
313
985
725
650
701
454
498
576
126
156
401
251
508
210
935
293
401
50
206
795
974
806
714
794
252
987
287
914
517
269
916
571
202
132
843
279
560
911
965
351
996
889
28
49
247
977
988
173
537
1011
658
1003
922
165
937
811
102
912
952
638
110
371
918
474
926
538
178
621
459
742
1000
893
716
555
744
845
38
944
781
103
868
1020
926
2
232
602
32
878
743
528
5
627
809
32
747
177
146
82
90
599
631
208
777
992
386
508
181
584
433
994
36
617
731
173
1013
812
340
61
461
605
933
46
366
714
138
405
569
160
877
415
35
650
8
207
969
214
810
789
715
850
1011
930
582
611
869
348
550
759
999
833
460
242
361
235
6
729
210
523
614
816
266
274
990
518
81
278
201
171
381
290
714
947
34
944
499
865
469
599
953
190
646
314
254
737
226
876
435
192
386
48
35
477
134
764
329
77
878
173
938
933
516
299
937
770
709
133
901
291
855
666
322
128
425
962
564
225
352
819
889
907
879
333
484
766
885
565
178
612
870
395
743
285
738
668
973
695
1009
764
278
775
1004
822
24
665
80
9
57
782
545
131
232
682
416
234
566
305
792
38
68
949
254
166
149
422
282
396
590
4
317
360
460
649
731
623
938
578
582
417
459
347
533
762
945
186
747
482
120
874
150
381
1009
184
989
497
7
78
597
44
347
529
907
808
131
852
819
145
134
751
672
565
366
28
48
93
348
933
83
750
512
912
573
409
1021
381
1006
594
87
239
60
367
963
637
646
164
992
747
586
109
754
631
127
58
807
673
567
414
290
17
566
158
408
424
964
681
59
510
519
398
469
402
834
746
929
577
1006
455
455
484
578
411
822
539
32
661
538
486
29
16
1004
555
561
716
876
418
913
125
478
590
467
552
82
238
771
993
48
219
162
236
51
179
656
609
392
86
546
815
13
343
468
209
122
447
976
894
849
427
774
18
504
148
771
301
92
1009
539
909
187
985
368
53
376
532
141
854
919
395
798
644
209
934
433
106
421
933
514
323
885
799
972
457
664
742
963
1021
334
103
904
145
700
168
429
871
478
250
514
698
445
385
374
546
903
443
334
159
204
648
846
765
373
6
42
87
146
743
622
519
598
682
909
939
277
713
392
41
170
31
959
378
471
946
884
25
980
431
746
628
612
246
716
801
978
812
89
618
994
330
136
115
75
113
540
912
624
77
554
706
649
291
566
1007
444
115
931
360
240
998
345
622
681
719
998
108
462
199
737
253
188
798
260
450
636
683
190
3
203
684
407
330
858
315
531
83
865
238
370
341
159
47
112
247
119
4
727
526
940
439
500
103
826
753
960
876
81
114
518
538
23
491
76
838
354
380
737
226
148
1005
25
958
9
263
1011
264
68
678
1015
324
336
852
981
534
946
969
82
864
473
272
130
958
525
23
689
967
994
180
427
945
100
380
453
93
122
741
786
766
320
589
956
617
332
469
61
262
425
1008
524
902
319
796
822
87
284
796
61
1005
782
217
426
579
48
864
255
256
518
417
604
415
661
725
402
892
583
840
197
742
887
400
854
308
793
674
406
181
125
739
617
1002
876
524
236
707
590
96
611
177
525
487
575
864
722
107
871
535
207
288
597
1012
128
810
565
652
930
107
259
36
880
459
358
117
661
304
776
253
98
96
148
475
933
200
11
465
885
751
4
733
906
594
409
905
26
476
46
988
730
79
470
184
403
377
147
686
861
21
980
259
848
854
114
346
1005
855
890
324
663
681
550
91
978
17
117
867
793
890
857
744
384
161
481
211
617
503
188
122
858
311
25
400
731
267
926
131
58
94
690
683
196
89
605
859
171
783
641
917
500
644
705
559
253
172
636
977
506
294
534
850
975
273
597
20
734
954
818
36
48
549
730
418
238
652
431
685
552
864
647
311
412
482
14
542
42
69
25
1015
161
136
8
901
4
771
377
127
50
888
209
619
447
591
809
179
137
601
763
101
810
232
777
450
234
639
100
570
763
624
339
905
1013
863
174
495
759
974
943
689
816
122
997
467
253
456
125
460
459
351
297
649
905
608
963
294
189
180
659
62
784
284
904
801
731
792
555
549
631
930
800
944
481
551
311
757
491
718
883
233
527
804
17
315
162
240
567
142
175
906
133
813
814
1007
755
813
700
21
950
783
416
449
708
134
965
257
697
854
540
768
774
753
603
962
566
75
579
603
832
990
637
967
498
88
913
42
79
684
991
192
111
2
191
951
308
213
330
359
412
809
62
916
433
716
11
490
307
583
511
961
927
993
516
220
598
85
299
923
504
277
739
254
502
64
150
549
889
800
225
290
175
1022
904
398
786
677
930
568
764
765
746
753
405
812
1005
412
45
498
456
173
660
381
353
999
202
758
774
285
490
203
949
461
243
621
274
28
26
868
954
482
474
876
940
86
382
948
248
718
882
272
780
383
830
231
947
483
102
424
794
537
262
970
15
522
646
176
258
757
947
96
543
689
302
306
266
882
877
797
1003
399
357
895
611
27
822
460
475
268
296
793
638
382
88
6
850
918
962
53
431
734
504
319
261
600
244
865
708
1005
980
948
42
906
908
449
965
442
791
731
401
495
505
156
592
442
342
631
419
38
166
30
668
563
999
11
619
792
531
728
219
318
292
38
745
771
4
464
367
798
395
741
884
663
951
993
346
497
82
1008
312
797
137
699
346
911
414
381
925
956
358
1
835
737
125
999
269
183
272
455
626
0
904
4
350
504
103
821
434
577
349
419
828
535
4
1016
593
130
278
381
730
227
914
13
491
802
858
586
936
399
487
141
557
914
530
1008
991
418
43
560
954
921
834
339
106
580
301
694
872
605
869
465
288
426
922
929
824
645
71
596
290
551
722
622
683
20
892
911
215
976
503
226
131
291
625
829
831
155
13
804
659
786
645
262
541
411
570
246
726
434
148
317
252
555
644
936
993
896
561
948
315
968
525
874
413
323
513
953
469
735
352
8
586
42
413
904
59
508
6
874
759
5
272
421
64
388
695
746
468
838
769
273
1014
655
67
3
60
42
164
647
353
889
402
243
474
457
465
241
737
108
74
657
498
168
973
390
141
350
532
464
930
286
238
351
1012
499
0
395
466
510
944
470
339
550
522
890
932
973
399
908
199
213
691
679
583
66
218
205
976
765
345
326
365
751
130
960
849
995
8
119
1023
660
540
766
32
884
685
339
824
765
107
9
117
179
441
139
772
321
20
685
664
618
448
1003
813
969
166
583
422
38
9
61
491
190
400
745
937
286
432
367
347
76
370
875
235
430
971
797
660
174
487
939
788
753
693
94
611
1010
765
707
897
601
489
821
263
815
877
60
842
305
938
519
1001
49
524
289
100
393
323
25
493
411
293
597
688
887
197
391
181
518
455
178
252
589
219
747
811
243
990
292
395
521
483
408
933
23
864
860
832
354
285
610
546
295
977
179
94
159
980
719
355
818
318
625
381
175
58
739
28
887
240
740
889
294
245
218
483
982
52
916
282
590
623
965
606
271
254
106
380
710
669
591
947
122
647
922
659
521
33
982
119
43
935
271
924
718
418
935
30
332
345
322
496
317
170
45
60
730
419
913
861
466
366
752
41
791
535
664
1022
539
460
356
1023
946
287
636
664
138
508
725
874
3
667
207
390
60
153
75
136
402
638
64
894
215
556
131
698
490
931
881
727
380
449
46
331
173
423
492
877
110
198
265
468
749
561
179
726
776
43
434
613
25
243
205
85
909
923
967
978
514
408
449
478
926
434
628
224
16
1004
93
353
831
286
118
924
564
179
722
440
240
761
617
718
525
248
701
205
922
487
107
582
56
527
1000
233
791
44
287
423
278
541
799
388
872
108
921
604
800
914
1021
159
533
410
495
650
319
505
624
98
951
630
763
43
469
843
372
380
588
9
826
205
706
794
913
481
705
145
737
8
10
25
951
132
500
431
438
115
448
207
377
478
668
251
202
140
606
440
691
638
614
419
494
769
245
422
660
83
302
94
338
991
620
237
551
239
334
190
777
562
645
171
428
702
973
970
970
6
101
364
898
282
671
968
734
288
796
920
441
758
528
75
535
825
257
20
569
548
341
971
117
335
153
273
742
317
51
377
89
588
880
309
846
189
480
639
778
566
619
791
29
68
652
376
264
50
1015
891
509
892
576
435
154
689
743
721
381
763
138
441
770
648
254
288
68
63
187
385
27
245
435
982
246
210
673
235
42
75
310
522
819
981
805
595
111
637
150
522
884
594
937
893
52
164
657
648
960
550
431
128
547
637
197
596
479
179
792
278
27
222
703
816
527
563
300
110
777
599
1019
806
593
71
660
611
1006
378
733
942
483
538
453
814
983
153
372
801
714
635
582
931
375
892
283
764
44
123
18
83
194
13
30
228
952
292
109
345
855
990
1016
206
614
366
898
781
827
341
26
42
434
495
415
380
301
54
988
182
441
600
524
335
994
672
721
358
683
432
46
148
596
154
176
188
157
223
553
250
186
506
454
510
1020
76
545
801
465
956
570
509
727
578
236
990
184
949
353
59
909
788
575
188
780
834
743
769
176
354
854
133
704
886
488
809
904
64
401
828
981
874
442
103
808
680
682
674
806
872
465
884
202
862
990
360
355
496
271
388
7
555
232
777
957
537
422
894
385
888
652
376
705
315
241
938
410
320
822
28
927
131
692
441
574
166
603
218
101
487
173
939
748
455
325
133
159
710
690
378
211
994
366
930
344
404
86
579
605
632
421
812
417
794
915
871
332
220
34
761
939
791
1019
270
345
102
1002
65
452
890
963
922
608
647
9
774
692
256
813
679
275
785
687
81
409
907
1005
171
935
57
422
410
686
132
156
417
265
318
86
816
88
325
154
956
230
524
564
27
600
969
637
751
307
470
642
435
66
994
707
682
723
82
19
3
19
917
349
362
683
287
325
533
560
408
924
650
661
731
301
611
304
373
40
276
669
894
997
1000
373
413
193
416
602
464
990
954
741
67
272
443
91
31
578
375
531
258
770
219
606
747
972
672
398
557
7
422
102
685
695
391
109
477
759
531
686
716
286
144
972
44
126
489
830
115
394
331
631
336
924
291
758
815
398
323
15
1020
295
776
980
540
956
889
898
497
34
764
711
974
965
505
44
654
355
399
610
98
72
616
183
266
808
742
391
167
628
799
896
514
276
824
404
739
956
13
339
587
658
765
630
373
421
928
326
804
137
595
194
361
794
965
695
602
57
553
539
792
432
612
429
892
823
523
795
234
1022
725
358
473
154
662
864
185
77
835
319
483
239
809
142
632
248
368
254
856
446
237
956
867
305
480
814
185
587
513
582
890
529
835
577
959
412
352
701
989
181
467
38
420
518
804
408
856
615
847
841
435
14
173
577
902
1011
120
32
1012
487
395
290
1014
232
12
751
374
423
77
444
506
711
469
744
933
775
451
258
819
768
423
393
968
401
474
980
573
311
756
978
6
533
737
1010
180
337
334
510
849
420
745
682
824
687
271
571
510
341
708
24
66
845
354
859
274
250
869
45
71
637
519
366
780
776
88
871
508
951
890
1005
356
541
418
190
929
527
876
889
747
1018
895
95
672
248
538
1013
8
794
68
895
338
604
665
908
745
731
825
259
815
318
257
790
719
664
788
164
671
757
303
371
771
560
958
729
59
852
1006
130
856
573
258
790
645
554
607
192
424
875
799
960
521
563
202
771
366
895
597
952
287
696
615
825
81
777
32
128
1007
560
786
756
136
293
846
432
185
125
679
795
971
579
989
731
526
971
870
313
1004
165
73
1013
81
664
421
719
81
34
1018
497
453
262
808
846
511
915
399
389
72
632
890
153
629
154
991
221
536
830
263
382
60
602
504
660
784
61
1015
479
718
362
194
73
591
124
94
347
618
617
126
514
140
499
245
657
898
363
276
216
527
45
582
903
116
787
491
876
1011
5
40
600
936
8
247
318
820
55
77
224
910
342
195
829
249
627
233
522
379
920
609
975
695
98
414
41
10
937
650
756
502
809
835
262
381
579
149
99
722
772
156
573
630
37
661
280
482
762
708
780
366
554
909
92
438
740
950
1004
891
37
893
265
468
945
91
24
821
654
260
936
272
851
365
386
777
404
352
30
735
676
953
229
177
157
441
648
935
91
106
291
81
811
20
603
508
69
404
928
628
930
661
262
844
523
387
509
264
449
363
522
213
546
298
353
129
329
601
465
616
716
666
879
910
495
177
667
812
455
117
518
236
938
376
873
369
428
567
55
99
561
392
14
421
1021
864
246
394
980
693
873
378
678
189
693
125
708
315
335
949
202
890
620
661
132
65
192
563
965
297
101
771
357
707
195
894
441
632
478
339
451
485
683
656
806
51
910
485
59
649
872
859
213
749
774
718
794
489
848
102
709
444
850
491
4
24
983
469
964
932
52
906
790
860
445
58
13
359
804
928
728
223
896
479
901
764
364
601
969
344
49
901
538
78
952
961
411
41
360
508
571
163
244
311
256
1008
112
188
681
678
139
661
863
360
724
557
375
287
727
67
481
108
262
338
674
317
525
705
752
768
789
353
132
901
506
979
170
871
838
771
53
964
391
284
939
177
236
39
782
697
601
937
54
142
733
676
377
423
202
5
1001
457
192
880
443
175
242
581
18
137
189
961
907
131
200
445
33
50
1
796
777
763
776
103
196
708
84
334
786
1012
796
582
773
668
784
283
1014
293
826
442
765
438
702
170
43
958
925
602
952
205
6
738
238
534
24
169
367
328
228
312
166
547
19
491
111
582
405
0
86
791
185
111
501
2
586
986
146
339
279
442
142
97
633
397
332
935
240
348
968
164
871
651
510
985
64
141
667
528
685
828
499
689
942
83
358
718
858
346
495
220
163
377
790
83
215
980
461
616
814
907
502
595
464
786
387
565
966
472
645
919
795
984
409
309
879
915
711
494
750
203
799
798
531
602
474
801
976
532
796
811
162
154
683
739
23
177
180
877
738
972
369
156
842
740
90
77
23
263
476
77
342
311
261
72
293
255
974
766
294
1010
674
278
825
867
553
415
87
779
734
33
740
109
598
222
84
812
754
942
310
649
9
280
680
257
568
241
626
263
828
869
585
178
534
286
225
64
615
951
552
579
55
134
416
715
199
1016
679
153
3
759
359
804
954
360
883
1023
1021
984
985
138
828
960
414
542
734
716
351
497
60
246
799
230
833
832
337
376
896
319
118
821
799
472
225
821
476
123
926
434
668
621
603
511
458
259
127
29
841
70
23
359
938
1005
659
764
649
19
747
90
125
940
457
971
683
118
252
105
883
97
383
425
772
537
877
641
106
90
1008
747
920
922
969
633
311
948
645
50
186
74
236
997
173
957
80
56
661
546
680
923
313
317
807
1
969
77
954
638
348
205
515
502
225
843
582
882
599
289
970
821
250
745
148
955
304
362
226
338
477
64
471
670
857
255
988
10
878
853
353
708
878
500
504
350
956
38
531
400
756
391
864
39
428
673
927
683
51
15
176
130
242
899
989
1001
822
423
974
793
525
494
921
1013
606
423
263
22
212
601
3
93
512
251
764
64
885
905
102
537
854
614
50
753
740
355
713
546
338
11
1022
369
72
927
475
608
457
695
487
174
312
974
709
496
797
540
711
140
669
665
634
708
431
125
450
107
873
987
931
402
316
286
87
854
404
986
112
57
185
677
257
707
145
458
613
529
866
354
601
463
201
235
439
247
860
434
495
982
950
366
433
379
411
964
507
74
988
474
123
61
959
101
865
776
805
980
452
580
805
485
728
916
253
192
450
536
166
181
896
856
45
868
160
852
584
284
965
609
624
847
379
689
934
543
591
1021
427
468
1022
179
743
443
90
82
1021
583
2
416
706
911
299
539
223
91
939
487
639
348
772
963
585
962
562
719
695
1013
422
329
250
903
971
1023
329
968
119
194
762
554
522
881
28
424
778
441
736
275
946
594
293
808
605
81
426
714
786
651
658
461
732
949
903
810
718
502
30
287
6
85
664
989
632
408
570
466
436
328
114
377
583
240
283
880
242
359
263
759
18
714
154
550
697
969
695
365
734
808
650
989
539
201
71
436
583
876
821
607
279
14
512
7
937
32
941
978
942
460
846
911
1020
493
760
992
969
276
520
172
826
362
570
403
561
744
1006
189
150
17
194
305
254
468
499
338
446
761
787
384
715
960
889
771
811
720
44
286
895
18
525
362
957
816
430
806
908
619
1005
598
740
615
721
470
338
740
339
496
502
470
770
681
402
813
378
50
963
545
828
281
11
185
317
525
1021
467
402
67
971
763
368
404
956
85
963
932
6
420
836
149
41
722
342
104
577
510
121
103
343
35
620
770
232
936
147
1000
95
188
823
71
686
93
792
610
473
887
43
472
705
985
339
633
99
31
205
821
54
156
102
33
522
205
655
995
23
1021
525
891
803
880
534
698
282
959
1015
111
445
316
46
956
566
397
661
1
431
583
984
987
573
142
226
159
793
86
238
394
534
968
751
516
865
127
615
321
321
40
225
981
957
86
112
720
302
923
927
942
968
77
380
753
800
824
886
43
740
542
450
110
643
303
998
587
1017
855
724
285
522
11
528
396
124
413
152
249
332
984
333
332
453
948
590
216
609
709
803
815
615
1023
316
673
892
551
255
693
123
769
823
553
936
517
797
412
479
593
357
172
900
234
99
872
957
617
892
64
816
817
836
11
36
1022
300
451
426
219
872
670
514
956
626
352
871
694
844
281
631
445
89
296
574
957
1018
267
344
146
493
297
910
378
965
939
647
614
304
505
776
692
784
243
508
378
344
227
173
453
43
477
343
64
763
173
827
154
201
436
854
65
888
622
424
751
174
238
952
576
898
996
597
6
531
527
241
330
170
899
300
1
138
519
102
448
933
696
800
489
829
414
522
266
39
982
360
682
767
191
227
566
81
934
326
606
0
738
823
923
44
471
587
174
447
322
798
370
498
69
188
657
612
63
718
381
407
673
49
812
228
257
761
981
437
735
862
884
753
854
409
367
200
712
449
1008
326
460
968
283
175
20
518
510
436
792
610
134
614
673
220
537
828
56
731
819
561
951
902
714
116
508
1018
612
969
431
874
92
175
833
289
416
884
241
195
972
925
700
582
174
951
468
478
29
627
1014
771
251
976
745
595
995
75
760
995
431
296
1006
580
430
484
302
637
775
447
1023
237
275
751
38
772
834
714
128
935
754
175
15
155
226
460
719
768
801
767
56
265
1009
752
15
684
675
449
867
87
475
434
269
709
347
288
77
371
351
170
981
307
908
852
142
521
624
725
375
286
847
587
233
453
1013
945
106
970
1010
768
526
858
1005
85
744
669
307
852
1019
229
222
488
275
212
617
474
112
241
578
481
956
248
454
338
563
392
80
525
842
559
624
889
914
983
642
384
434
86
104
75
494
85
808
116
821
809
1023
1015
801
425
415
919
858
170
823
690
825
821
996
852
669
425
599
441
558
954
987
323
325
144
485
274
311
127
1005
386
286
587
858
286
706
546
634
591
532
1000
798
614
604
380
844
820
288
80
426
229
860
233
558
245
396
398
819
663
478
239
445
392
586
819
210
849
299
580
469
669
978
132
981
384
447
799
294
645
787
186
966
252
765
538
500
459
751
469
419
521
463
519
646
74
5
845
749
840
438
959
649
632
458
412
333
432
280
310
836
796
115
372
17
359
65
32
423
773
181
623
789
522
5
503
508
773
291
68
863
1003
463
848
624
247
171
901
104
677
699
345
705
703
692
926
465
983
604
424
224
441
886
759
101
701
1018
676
984
669
577
1023
565
799
583
377
1016
151
970
610
251
836
495
462
248
800
3
714
803
391
759
877
211
32
395
326
896
672
863
654
7
1010
130
723
284
490
869
173
530
546
854
373
112
169
134
410
867
250
517
3
281
192
107
732
61
646
894
738
794
576
21
671
695
59
218
491
210
491
457
757
141
545
911
293
784
265
437
661
91
54
550
529
762
190
442
306
167
971
652
533
516
186
104
757
587
892
469
991
698
546
514
253
719
739
769
432
494
93
56
875
697
812
348
235
681
483
594
265
789
880
790
196
46
795
913
157
304
780
483
391
144
268
243
165
760
287
448
153
888
230
432
910
611
755
384
606
45
65
910
91
536
836
302
754
841
137
126
577
407
563
46
247
73
541
764
246
864
289
943
712
171
390
336
802
952
710
537
494
605
628
516
247
837
665
274
761
266
324
216
464
280
729
493
187
523
126
994
409
134
655
963
347
230
1003
963
221
990
130
701
479
690
722
139
367
524
281
441
373
279
638
594
273
557
71
574
316
600
301
380
952
340
198
595
816
625
140
608
979
1016
46
227
896
573
244
784
116
503
803
865
745
146
258
56
817
415
518
646
612
590
618
808
599
979
447
95
284
401
640
920
832
318
164
842
160
447
394
806
168
588
456
29
274
337
180
840
322
461
196
334
873
22
632
0
34
62
409
489
733
83
291
690
578
1020
832
219
58
741
646
101
745
273
79
107
498
683
736
458
943
479
854
431
729
372
948
467
173
122
167
330
702
244
403
197
388
877
174
271
84
171
420
636
262
885
346
461
648
507
352
491
676
720
463
311
211
628
1
741
807
493
542
397
492
234
510
246
225
135
199
988
791
223
823
796
754
417
405
359
842
183
150
95
872
110
163
599
370
585
389
115
136
965
332
461
897
662
197
507
762
413
898
804
275
206
850
406
101
999
513
155
64
568
571
331
175
47
485
344
372
67
698
1011
805
917
880
918
70
920
374
742
189
239
252
940
704
778
842
580
242
854
970
436
742
795
763
358
988
1008
666
463
779
750
985
295
457
609
24
595
290
453
404
299
743
25
656
912
808
99
384
950
146
951
951
650
946
76
241
365
314
666
535
662
237
856
911
740
52
5
544
430
582
198
826
498
884
616
773
62
463
501
394
932
677
232
818
818
349
953
236
467
294
166
382
586
395
629
271
167
793
778
826
265
260
599
908
173
259
21
978
508
459
617
680
415
352
417
216
685
975
157
142
179
46
649
326
591
138
684
371
748
388
726
17
491
607
810
765
233
560
93
367
740
17
71
660
396
953
403
680
925
207
379
829
13
42
768
734
593
101
901
625
71
448
579
768
886
82
623
368
367
739
132
198
881
753
899
669
991
957
249
959
766
95
436
1001
578
59
840
95
597
585
381
107
323
936
156
854
231
960
514
33
673
403
441
939
649
208
25
291
410
865
896
944
738
714
202
421
724
464
813
86
318
546
1019
454
261
629
767
824
272
294
313
877
538
632
992
624
781
10
987
344
532
453
154
358
822
620
317
276
366
141
782
925
488
222
878
417
176
1013
26
525
221
502
90
613
414
693
829
140
237
532
347
864
128
745
823
927
638
812
277
170
298
823
432
845
181
739
394
986
914
828
89
393
729
173
688
574
827
378
772
595
959
968
512
706
826
986
730
254
167
421
521
453
546
899
10
193
941
185
427
105
527
205
109
831
444
408
331
911
192
273
720
454
221
234
310
299
725
334
22
430
463
11
848
145
830
745
233
431
794
999
860
15
343
560
64
212
1015
590
92
867
109
486
248
113
768
227
715
903
754
697
630
148
791
704
784
200
586
608
632
593
170
521
261
85
474
766
68
186
583
484
316
544
234
383
975
102
361
681
618
877
727
978
443
543
885
666
374
326
81
785
943
937
785
16
182
231
642
354
812
396
844
971
787
582
642
877
962
580
135
482
572
735
971
653
138
676
659
739
879
105
56
516
939
980
58
963
282
61
692
14
522
496
550
874
35
250
934
554
95
597
546
822
687
95
822
909
632
596
934
267
776
846
419
178
220
621
1007
360
147
405
271
933
203
792
528
617
443
620
683
494
571
704
778
473
348
346
648
771
892
191
593
9
877
479
532
160
551
784
268
935
110
590
243
407
286
979
262
943
198
15
726
894
959
208
78
72
280
222
734
8
708
497
905
377
658
433
602
984
991
997
823
931
586
135
206
621
438
558
874
278
266
674
675
229
730
844
496
566
289
177
624
99
752
801
127
612
633
446
573
105
682
584
791
833
403
282
805
406
1022
434
686
465
252
529
344
550
404
999
292
434
373
689
448
718
429
244
397
456
37
233
110
206
586
890
788
938
814
752
108
154
543
46
263
906
72
296
470
997
905
448
14
383
588
144
656
419
185
339
805
708
554
352
186
847
579
885
663
502
325
414
923
967
892
791
27
46
750
795
177
507
578
762
262
672
177
988
666
5
582
727
710
140
225
716
650
597
618
968
465
27
303
349
898
596
387
898
184
625
783
224
907
10
632
868
863
795
584
99
9
890
711
966
502
508
581
341
412
946
349
137
2
1
397
598
754
1011
748
676
403
774
856
96
948
506
54
568
950
997
562
743
447
1020
539
681
320
752
879
893
769
218
723
354
590
722
632
316
406
476
858
249
772
138
15
889
525
624
998
235
444
22
275
549
340
120
541
623
305
326
441
205
106
534
984
167
261
636
483
837
926
328
345
494
455
35
204
215
557
314
570
278
402
825
576
49
227
455
159
45
863
919
388
853
939
677
751
651
384
872
533
874
553
356
203
551
711
210
202
158
722
936
252
879
663
230
20
554
657
537
702
102
371
936
161
518
140
983
529
609
633
100
78
773
624
689
946
603
485
893
1005
746
394
226
710
469
460
896
352
58
995
721
930
502
51
645
611
467
728
277
149
1013
231
703
399
960
446
481
859
189
457
422
601
546
936
42
919
626
433
49
519
1009
715
732
160
130
148
91
841
954
689
739
763
759
864
159
900
212
32
36
1019
769
691
223
185
801
640
794
81
501
422
529
184
751
650
881
188
135
209
512
605
392
304
721
663
636
515
898
915
418
997
740
157
747
597
232
810
302
220
462
794
726
727
654
980
1002
580
341
409
758
896
559
552
908
825
615
809
658
219
255
526
925
982
254
386
896
681
651
194
975
956
775
673
953
164
249
878
1018
866
128
962
619
688
121
851
260
164
766
80
485
723
941
908
393
576
874
739
186
468
292
451
107
95
575
579
734
662
849
632
585
443
71
89
1006
268
1005
743
371
414
141
230
385
804
585
611
524
692
853
526
993
263
225
626
449
388
438
284
164
461
576
268
10
886
492
564
341
765
879
566
192
83
370
571
155
844
782
584
915
147
948
754
618
103
950
134
819
504
622
503
809
1019
585
481
720
697
945
81
812
468
450
609
43
221
295
319
634
904
315
17
915
92
74
12
370
500
770
333
488
612
28
541
241
478
46
222
808
795
591
948
61
760
850
393
531
370
1006
896
106
977
721
924
783
451
29
689
973
381
1005
617
444
100
781
277
175
835
649
211
413
215
749
681
165
275
926
928
668
222
367
538
463
862
139
473
639
127
358
455
164
912
118
818
10
215
514
829
20
646
659
597
1020
961
900
877
637
331
108
223
790
312
79
132
61
171
510
252
774
489
237
217
170
368
820
193
580
899
508
329
959
412
556
451
247
7
956
50
541
633
157
994
588
225
179
323
435
2
1013
207
765
349
741
404
998
17
977
666
617
494
511
684
566
671
263
614
29
688
58
655
1005
101
196
354
919
964
962
639
733
646
768
294
975
342
813
423
529
25
561
508
833
900
198
219
1019
475
794
191
27
992
609
83
457
263
873
922
716
736
526
127
883
971
55
127
814
856
787
773
900
221
599
473
632
252
621
381
690
869
562
494
352
221
651
952
513
461
771
845
770
9
765
8
681
999
558
189
408
154
640
142
193
109
753
359
650
262
16
381
343
562
204
586
776
995
690
255
483
741
932
111
545
1023
798
669
434
10
30
12
49
373
671
282
645
670
164
866
640
58
858
762
914
690
18
272
35
939
911
873
484
645
601
115
849
181
882
680
601
931
328
1001
1011
403
1012
743
125
277
6
1002
391
586
16
35
531
751
789
832
845
198
559
927
336
576
69
61
564
496
948
388
939
1020
644
79
46
745
491
367
131
608
77
774
83
632
386
243
524
564
315
919
666
692
1014
372
922
89
866
954
248
538
387
363
697
95
5
255
610
368
472
928
113
519
178
462
606
340
515
463
441
560
479
435
470
703
794
780
311
798
773
280
831
353
656
329
361
197
346
764
358
418
873
115
142
937
648
52
245
444
576
270
1022
935
804
